rect 33.30,48.80,559.55,791.30 fill=(0.9179999828338623, 0.8349999785423279, 1.0) color=None
rect 44.55,58.70,479.30,292.45 fill=(0.4000000059604645, 0.4000000059604645, 0.6000000238418579) color=None
rect 42.55,56.70,477.30,290.45 fill=(1.0, 1.0, 1.0) color=(0.5019454956054688, 0.502021849155426, 0.5019302368164062)
rect 322.05,329.15,551.35,562.90 fill=(0.4000000059604645, 0.4000000059604645, 0.6000000238418579) color=None
rect 320.05,327.15,549.35,560.90 fill=(1.0, 1.0, 1.0) color=(0.5019454956054688, 0.502021849155426, 0.5019302368164062)
rect 45.30,328.60,82.30,562.35 fill=(0.800000011920929, 1.0, 0.20000000298023224) color=None
rect 45.30,328.60,82.30,332.00 fill=(0.8389999866485596, 1.0, 0.3569999933242798) color=None
rect 45.30,328.60,48.70,562.35 fill=(0.8820000290870667, 1.0, 0.5220000147819519) color=None
rect 45.30,558.95,82.30,562.35 fill=(0.6430000066757202, 0.8040000200271606, 0.16099999845027924) color=None
rect 78.90,328.60,82.30,562.35 fill=(0.4779999852180481, 0.6000000238418579, 0.11800000071525574) color=None
rect 45.30,328.60,82.30,562.35 fill=None color=(0.0, 0.0, 0.0)
rect 48.70,332.00,78.90,558.95 fill=None color=(0.0, 0.0, 0.0)
rect 45.30,328.60,48.70,332.00 fill=None color=(0.0, 0.0, 0.0)
rect 45.30,558.95,48.70,562.35 fill=None color=(0.0, 0.0, 0.0)
rect 78.90,558.95,82.30,562.35 fill=None color=(0.0, 0.0, 0.0)
rect 78.90,328.60,82.30,332.00 fill=None color=(0.0, 0.0, 0.0)
rect 486.55,56.70,551.30,61.35 fill=(1.0, 0.8389999866485596, 0.6779999732971191) color=None
rect 546.65,56.70,551.30,317.95 fill=(0.8040000200271606, 0.6430000066757202, 0.4819999933242798) color=None
rect 486.55,56.70,551.30,317.95 fill=None color=(0.20000000298023224, 0.20001526176929474, 0.19995422661304474)
rect 486.55,56.70,551.30,61.35 fill=None color=(0.20000000298023224, 0.20001526176929474, 0.19995422661304474)
rect 546.65,61.35,546.65,317.95 fill=None color=(0.20000000298023224, 0.20001526176929474, 0.19995422661304474)
rect 90.80,329.85,312.80,563.60 fill=(0.4000000059604645, 0.4000000059604645, 0.6000000238418579) color=None
rect 88.80,327.85,310.80,561.60 fill=(1.0, 1.0, 1.0) color=(0.5019454956054688, 0.502021849155426, 0.5019302368164062)
rect 254.74,299.38,268.48,317.57 fill=(0.0, 0.5019999742507935, 0.0) color=(1.0, 0.800000011920929, 0.0)
rect 254.72,297.55,261.36,316.87 fill=(1.0, 0.0, 0.0) color=(1.0, 0.800000011920929, 0.0)
rect 255.08,311.34,274.62,317.97 fill=(1.0, 1.0, 0.20000000298023224) color=(1.0, 0.800000011920929, 0.0)
rect 251.95,316.09,257.30,321.40 fill=(0.0, 0.0, 0.0) color=(1.0, 0.800000011920929, 0.0)
rect 112.15,297.70,137.25,322.40 fill=(1.0, 0.4000000059604645, 0.6000000238418579) color=(1.0, 0.800000011920929, 0.0)
rect 124.80,306.20,126.35,309.95 fill=(1.0, 0.800000011920929, 0.20000000298023224) color=(1.0, 0.800000011920929, 0.0)
rect 124.80,306.20,126.35,309.95 fill=None color=(1.0, 0.800000011920929, 0.0)
rect 123.25,310.15,124.80,313.85 fill=(1.0, 0.800000011920929, 0.20000000298023224) color=(1.0, 0.800000011920929, 0.0)
rect 123.25,310.15,124.80,313.85 fill=None color=(1.0, 0.800000011920929, 0.0)
rect 124.75,308.85,128.55,310.10 fill=(1.0, 0.800000011920929, 0.20000000298023224) color=(1.0, 0.800000011920929, 0.0)
rect 124.75,308.85,128.55,310.10 fill=None color=(1.0, 0.800000011920929, 0.0)
rect 124.55,310.05,128.35,311.55 fill=(1.0, 0.800000011920929, 0.20000000298023224) color=(1.0, 0.800000011920929, 0.0)
rect 124.55,310.05,128.35,311.55 fill=None color=(1.0, 0.800000011920929, 0.0)
rect 120.90,308.45,124.65,310.05 fill=(1.0, 0.800000011920929, 0.20000000298023224) color=(1.0, 0.800000011920929, 0.0)
rect 120.90,308.45,124.65,310.05 fill=None color=(1.0, 0.800000011920929, 0.0)
rect 124.65,310.20,126.40,313.80 fill=(1.0, 0.800000011920929, 0.20000000298023224) color=(1.0, 0.800000011920929, 0.0)
rect 124.65,310.20,126.40,313.80 fill=None color=(1.0, 0.800000011920929, 0.0)
rect 122.80,306.50,124.65,310.10 fill=(1.0, 0.800000011920929, 0.20000000298023224) color=(1.0, 0.800000011920929, 0.0)
rect 122.80,306.50,124.65,310.10 fill=None color=(1.0, 0.800000011920929, 0.0)
rect 122.45,312.90,124.10,314.55 fill=(1.0, 0.800000011920929, 0.20000000298023224) color=(1.0, 0.800000011920929, 0.0)
rect 122.45,312.90,124.10,314.55 fill=None color=(1.0, 0.800000011920929, 0.0)
rect 127.65,308.10,129.30,309.75 fill=(1.0, 0.800000011920929, 0.20000000298023224) color=(1.0, 0.800000011920929, 0.0)
rect 127.65,308.10,129.30,309.75 fill=None color=(1.0, 0.800000011920929, 0.0)
rect 120.80,310.10,124.65,311.35 fill=(1.0, 0.800000011920929, 0.20000000298023224) color=(1.0, 0.800000011920929, 0.0)
rect 120.80,310.10,124.65,311.35 fill=None color=(1.0, 0.800000011920929, 0.0)
rect 120.25,307.80,121.90,309.40 fill=(1.0, 0.800000011920929, 0.20000000298023224) color=(1.0, 0.800000011920929, 0.0)
rect 120.25,307.80,121.90,309.40 fill=None color=(1.0, 0.800000011920929, 0.0)
rect 125.55,312.85,127.20,314.50 fill=(1.0, 0.800000011920929, 0.20000000298023224) color=(1.0, 0.800000011920929, 0.0)
rect 125.55,312.85,127.20,314.50 fill=None color=(1.0, 0.800000011920929, 0.0)
rect 120.10,310.50,121.75,312.15 fill=(1.0, 0.800000011920929, 0.20000000298023224) color=(1.0, 0.800000011920929, 0.0)
rect 120.10,310.50,121.75,312.15 fill=None color=(1.0, 0.800000011920929, 0.0)
rect 125.35,305.50,127.00,307.10 fill=(1.0, 0.800000011920929, 0.20000000298023224) color=(1.0, 0.800000011920929, 0.0)
rect 125.35,305.50,127.00,307.10 fill=None color=(1.0, 0.800000011920929, 0.0)
rect 122.15,305.75,123.80,307.40 fill=(1.0, 0.800000011920929, 0.20000000298023224) color=(1.0, 0.800000011920929, 0.0)
rect 122.15,305.75,123.80,307.40 fill=None color=(1.0, 0.800000011920929, 0.0)
rect 127.40,310.60,129.05,312.25 fill=(1.0, 0.800000011920929, 0.20000000298023224) color=(1.0, 0.800000011920929, 0.0)
rect 127.40,310.60,129.05,312.25 fill=None color=(1.0, 0.800000011920929, 0.0)
rect 195.80,299.30,215.90,317.70 fill=(0.6000000238418579, 0.800000011920929, 0.20000000298023224) color=(1.0, 0.800000011920929, 0.0)
rect 173.10,299.30,193.25,317.75 fill=(0.6000000238418579, 0.800000011920929, 0.20000000298023224) color=(1.0, 0.800000011920929, 0.0)
rect 187.70,299.30,201.35,320.80 fill=(0.6000000238418579, 0.800000011920929, 0.20000000298023224) color=(1.0, 0.800000011920929, 0.0)
rect 202.20,303.95,214.15,315.40 fill=None color=(1.0, 0.800000011920929, 0.0)
rect 174.70,303.75,186.65,315.15 fill=None color=(1.0, 0.800000011920929, 0.0)
rect 193.50,301.45,194.30,317.00 fill=None color=(1.0, 0.800000011920929, 0.0)
rect 390.35,297.70,415.45,322.40 fill=(1.0, 0.4000000059604645, 0.6000000238418579) color=(1.0, 0.800000011920929, 0.0)
rect 403.00,306.20,404.55,309.95 fill=(1.0, 0.800000011920929, 0.20000000298023224) color=(1.0, 0.800000011920929, 0.0)
rect 403.00,306.20,404.55,309.95 fill=None color=(1.0, 0.800000011920929, 0.0)
rect 401.45,310.15,403.00,313.85 fill=(1.0, 0.800000011920929, 0.20000000298023224) color=(1.0, 0.800000011920929, 0.0)
rect 401.45,310.15,403.00,313.85 fill=None color=(1.0, 0.800000011920929, 0.0)
rect 402.95,308.85,406.75,310.10 fill=(1.0, 0.800000011920929, 0.20000000298023224) color=(1.0, 0.800000011920929, 0.0)
rect 402.95,308.85,406.75,310.10 fill=None color=(1.0, 0.800000011920929, 0.0)
rect 402.75,310.05,406.55,311.55 fill=(1.0, 0.800000011920929, 0.20000000298023224) color=(1.0, 0.800000011920929, 0.0)
rect 402.75,310.05,406.55,311.55 fill=None color=(1.0, 0.800000011920929, 0.0)
rect 399.10,308.45,402.85,310.05 fill=(1.0, 0.800000011920929, 0.20000000298023224) color=(1.0, 0.800000011920929, 0.0)
rect 399.10,308.45,402.85,310.05 fill=None color=(1.0, 0.800000011920929, 0.0)
rect 402.85,310.20,404.60,313.80 fill=(1.0, 0.800000011920929, 0.20000000298023224) color=(1.0, 0.800000011920929, 0.0)
rect 402.85,310.20,404.60,313.80 fill=None color=(1.0, 0.800000011920929, 0.0)
rect 401.00,306.50,402.85,310.10 fill=(1.0, 0.800000011920929, 0.20000000298023224) color=(1.0, 0.800000011920929, 0.0)
rect 401.00,306.50,402.85,310.10 fill=None color=(1.0, 0.800000011920929, 0.0)
rect 400.65,312.90,402.30,314.55 fill=(1.0, 0.800000011920929, 0.20000000298023224) color=(1.0, 0.800000011920929, 0.0)
rect 400.65,312.90,402.30,314.55 fill=None color=(1.0, 0.800000011920929, 0.0)
rect 405.85,308.10,407.50,309.75 fill=(1.0, 0.800000011920929, 0.20000000298023224) color=(1.0, 0.800000011920929, 0.0)
rect 405.85,308.10,407.50,309.75 fill=None color=(1.0, 0.800000011920929, 0.0)
rect 399.00,310.10,402.85,311.35 fill=(1.0, 0.800000011920929, 0.20000000298023224) color=(1.0, 0.800000011920929, 0.0)
rect 399.00,310.10,402.85,311.35 fill=None color=(1.0, 0.800000011920929, 0.0)
rect 398.45,307.80,400.10,309.40 fill=(1.0, 0.800000011920929, 0.20000000298023224) color=(1.0, 0.800000011920929, 0.0)
rect 398.45,307.80,400.10,309.40 fill=None color=(1.0, 0.800000011920929, 0.0)
rect 403.75,312.85,405.40,314.50 fill=(1.0, 0.800000011920929, 0.20000000298023224) color=(1.0, 0.800000011920929, 0.0)
rect 403.75,312.85,405.40,314.50 fill=None color=(1.0, 0.800000011920929, 0.0)
rect 398.30,310.50,399.95,312.15 fill=(1.0, 0.800000011920929, 0.20000000298023224) color=(1.0, 0.800000011920929, 0.0)
rect 398.30,310.50,399.95,312.15 fill=None color=(1.0, 0.800000011920929, 0.0)
rect 403.55,305.50,405.20,307.10 fill=(1.0, 0.800000011920929, 0.20000000298023224) color=(1.0, 0.800000011920929, 0.0)
rect 403.55,305.50,405.20,307.10 fill=None color=(1.0, 0.800000011920929, 0.0)
rect 400.35,305.75,402.00,307.40 fill=(1.0, 0.800000011920929, 0.20000000298023224) color=(1.0, 0.800000011920929, 0.0)
rect 400.35,305.75,402.00,307.40 fill=None color=(1.0, 0.800000011920929, 0.0)
rect 405.60,310.60,407.25,312.25 fill=(1.0, 0.800000011920929, 0.20000000298023224) color=(1.0, 0.800000011920929, 0.0)
rect 405.60,310.60,407.25,312.25 fill=None color=(1.0, 0.800000011920929, 0.0)
rect 334.40,299.30,354.50,317.70 fill=(0.6000000238418579, 0.800000011920929, 0.20000000298023224) color=(1.0, 0.800000011920929, 0.0)
rect 311.70,299.30,331.85,317.75 fill=(0.6000000238418579, 0.800000011920929, 0.20000000298023224) color=(1.0, 0.800000011920929, 0.0)
rect 326.30,299.30,339.95,320.80 fill=(0.6000000238418579, 0.800000011920929, 0.20000000298023224) color=(1.0, 0.800000011920929, 0.0)
rect 340.80,303.95,352.75,315.40 fill=None color=(1.0, 0.800000011920929, 0.0)
rect 313.30,303.75,325.25,315.15 fill=None color=(1.0, 0.800000011920929, 0.0)
rect 332.10,301.45,332.90,317.00 fill=None color=(1.0, 0.800000011920929, 0.0)
rect 454.29,299.38,468.03,317.57 fill=(0.0, 0.5019999742507935, 0.0) color=(1.0, 0.800000011920929, 0.0)
rect 454.27,297.55,460.91,316.87 fill=(1.0, 0.0, 0.0) color=(1.0, 0.800000011920929, 0.0)
rect 454.63,311.34,474.17,317.97 fill=(1.0, 1.0, 0.20000000298023224) color=(1.0, 0.800000011920929, 0.0)
rect 451.50,316.09,456.85,321.40 fill=(0.0, 0.0, 0.0) color=(1.0, 0.800000011920929, 0.0)
rect 55.19,299.33,68.93,317.52 fill=(0.0, 0.5019999742507935, 0.0) color=(1.0, 0.800000011920929, 0.0)
rect 55.17,297.50,61.81,316.82 fill=(1.0, 0.0, 0.0) color=(1.0, 0.800000011920929, 0.0)
rect 55.53,311.29,75.07,317.92 fill=(1.0, 1.0, 0.20000000298023224) color=(1.0, 0.800000011920929, 0.0)
rect 52.40,316.04,57.75,321.35 fill=(0.0, 0.0, 0.0) color=(1.0, 0.800000011920929, 0.0)
rect 209.05,568.70,384.80,604.65 fill=(1.0, 0.800000011920929, 0.0) color=None
rect 211.30,574.32,213.54,577.69 fill=(0.8040000200271606, 0.6430000066757202, 0.0) color=None
rect 380.31,568.70,384.80,573.19 fill=(0.8040000200271606, 0.6430000066757202, 0.0) color=None
rect 209.05,568.70,384.80,604.65 fill=None color=(0.0, 0.0, 0.0)
rect 209.05,574.32,213.54,577.69 fill=None color=(0.0, 0.0, 0.0)
rect 213.54,575.44,213.54,600.16 fill=None color=(0.0, 0.0, 0.0)
rect 380.31,570.95,384.80,573.19 fill=None color=(0.0, 0.0, 0.0)
rect 380.31,570.95,382.55,573.19 fill=None color=(0.0, 0.0, 0.0)
rect 394.05,580.45,542.05,596.45 fill=None color=(1.0, 0.800000011920929, 0.0)
rect 420.73,591.62,431.42,603.73 fill=(0.0, 0.0, 0.0) color=None
rect 420.73,591.62,431.42,603.73 fill=None color=(0.0, 0.0, 0.0)
rect 423.00,577.65,446.20,598.29 fill=(0.800000011920929, 0.800000011920929, 0.4000000059604645) color=None
rect 423.00,577.65,446.20,598.29 fill=None color=(0.0, 0.0, 0.0)
rect 422.70,570.41,452.73,598.67 fill=(1.0, 0.0, 0.0) color=(0.0, 0.0, 0.0)
rect 427.86,569.79,453.08,592.85 fill=(1.0, 1.0, 0.20000000298023224) color=(0.0, 0.0, 0.0)
rect 431.89,572.27,450.17,589.01 fill=(1.0, 0.6000000238418579, 0.20000000298023224) color=(0.0, 0.0, 0.0)
rect 440.08,569.67,450.77,581.78 fill=(0.0, 0.0, 0.0) color=None
rect 440.08,569.67,450.77,581.78 fill=None color=(0.0, 0.0, 0.0)
rect 505.67,591.52,513.18,601.98 fill=(0.0, 0.0, 0.0) color=None
rect 505.67,591.52,513.18,601.98 fill=None color=(0.0, 0.0, 0.0)
rect 493.23,581.21,513.62,597.04 fill=(0.800000011920929, 0.800000011920929, 0.4000000059604645) color=None
rect 493.23,581.21,513.62,597.04 fill=None color=(0.0, 0.0, 0.0)
rect 488.78,574.86,513.72,596.03 fill=(0.0, 0.5019999742507935, 0.0) color=(0.0, 0.0, 0.0)
rect 488.62,574.11,510.16,590.96 fill=(1.0, 1.0, 0.20000000298023224) color=(0.0, 0.0, 0.0)
rect 491.15,575.88,506.75,588.09 fill=(1.0, 0.6000000238418579, 0.20000000298023224) color=(0.0, 0.0, 0.0)
rect 492.22,572.42,499.73,582.88 fill=(0.0, 0.0, 0.0) color=None
rect 492.22,572.42,499.73,582.88 fill=None color=(0.0, 0.0, 0.0)
rect 49.05,580.45,197.05,596.45 fill=None color=(1.0, 0.800000011920929, 0.0)
rect 159.58,591.57,170.27,603.68 fill=(0.0, 0.0, 0.0) color=None
rect 159.58,591.57,170.27,603.68 fill=None color=(0.0, 0.0, 0.0)
rect 144.85,577.60,168.05,598.24 fill=(0.800000011920929, 0.800000011920929, 0.4000000059604645) color=None
rect 144.85,577.60,168.05,598.24 fill=None color=(0.0, 0.0, 0.0)
rect 138.32,570.41,168.35,598.67 fill=(1.0, 0.0, 0.0) color=(0.0, 0.0, 0.0)
rect 137.97,569.79,163.19,592.85 fill=(1.0, 1.0, 0.20000000298023224) color=(0.0, 0.0, 0.0)
rect 140.88,572.27,159.16,589.01 fill=(1.0, 0.6000000238418579, 0.20000000298023224) color=(0.0, 0.0, 0.0)
rect 140.23,569.67,150.92,581.78 fill=(0.0, 0.0, 0.0) color=None
rect 140.23,569.67,150.92,581.78 fill=None color=(0.0, 0.0, 0.0)
rect 77.92,591.52,85.43,601.98 fill=(0.0, 0.0, 0.0) color=None
rect 77.92,591.52,85.43,601.98 fill=None color=(0.0, 0.0, 0.0)
rect 77.48,581.21,97.87,597.04 fill=(0.800000011920929, 0.800000011920929, 0.4000000059604645) color=None
rect 77.48,581.21,97.87,597.04 fill=None color=(0.0, 0.0, 0.0)
rect 77.38,574.86,102.32,596.03 fill=(0.0, 0.5019999742507935, 0.0) color=(0.0, 0.0, 0.0)
rect 80.94,574.11,102.48,590.96 fill=(1.0, 1.0, 0.20000000298023224) color=(0.0, 0.0, 0.0)
rect 84.35,575.88,99.95,588.09 fill=(1.0, 0.6000000238418579, 0.20000000298023224) color=(0.0, 0.0, 0.0)
rect 91.37,572.42,98.88,582.88 fill=(0.0, 0.0, 0.0) color=None
rect 91.37,572.42,98.88,582.88 fill=None color=(0.0, 0.0, 0.0)
rect 44.53,608.42,60.03,649.45 fill=(1.0, 1.0, 1.0) color=None
rect 47.78,608.42,56.78,649.45 fill=(1.0, 1.0, 1.0) color=None
rect 60.53,608.42,76.28,649.45 fill=(1.0, 1.0, 1.0) color=None
rect 63.78,608.42,72.78,649.45 fill=(1.0, 1.0, 1.0) color=None
rect 76.78,608.42,92.80,649.45 fill=(1.0, 1.0, 1.0) color=None
rect 80.28,608.42,89.30,649.45 fill=(1.0, 1.0, 1.0) color=None
rect 93.30,608.42,109.05,649.45 fill=(1.0, 1.0, 1.0) color=None
rect 96.80,608.42,105.80,649.45 fill=(1.0, 1.0, 1.0) color=None
rect 109.55,608.42,125.55,649.45 fill=(1.0, 1.0, 1.0) color=None
rect 113.05,608.42,122.05,649.45 fill=(1.0, 1.0, 1.0) color=None
rect 126.05,608.42,142.05,649.45 fill=(0.9489127993583679, 0.9490348696708679, 0.9488822817802429) color=None
rect 129.55,608.42,138.55,649.45 fill=(0.9489127993583679, 0.9490348696708679, 0.9488822817802429) color=None
rect 142.55,608.42,158.32,649.45 fill=(0.9489127993583679, 0.9490348696708679, 0.9488822817802429) color=None
rect 146.08,608.42,155.08,649.45 fill=(0.9489127993583679, 0.9490348696708679, 0.9488822817802429) color=None
rect 158.83,608.42,174.83,649.45 fill=(1.0, 1.0, 1.0) color=None
rect 162.33,608.42,171.33,649.45 fill=(1.0, 1.0, 1.0) color=None
rect 175.33,608.42,191.33,649.45 fill=(1.0, 1.0, 1.0) color=None
rect 178.83,608.42,187.83,649.45 fill=(1.0, 1.0, 1.0) color=None
rect 191.83,608.42,207.60,649.45 fill=(1.0, 1.0, 1.0) color=None
rect 195.33,608.42,204.35,649.45 fill=(1.0, 1.0, 1.0) color=None
rect 208.10,608.42,224.10,649.45 fill=(1.0, 1.0, 1.0) color=None
rect 211.60,608.42,220.60,649.45 fill=(1.0, 1.0, 1.0) color=None
rect 224.60,608.42,240.60,649.45 fill=(1.0, 1.0, 1.0) color=None
rect 228.10,608.42,237.10,649.45 fill=(1.0, 1.0, 1.0) color=None
rect 241.10,608.42,256.85,649.45 fill=(0.9489127993583679, 0.9490348696708679, 0.9488822817802429) color=None
rect 244.35,608.42,253.35,649.45 fill=(0.9489127993583679, 0.9490348696708679, 0.9488822817802429) color=None
rect 257.35,608.42,273.38,649.45 fill=(0.9489127993583679, 0.9490348696708679, 0.9488822817802429) color=None
rect 260.85,608.42,269.88,649.45 fill=(0.9489127993583679, 0.9490348696708679, 0.9488822817802429) color=None
rect 273.88,608.42,289.88,649.45 fill=(1.0, 1.0, 1.0) color=None
rect 277.38,608.42,286.38,649.45 fill=(1.0, 1.0, 1.0) color=None
rect 290.38,608.42,306.13,649.45 fill=(1.0, 1.0, 1.0) color=None
rect 293.63,608.42,302.63,649.45 fill=(1.0, 1.0, 1.0) color=None
rect 306.63,608.42,322.65,649.45 fill=(1.0, 1.0, 1.0) color=None
rect 310.13,608.42,319.13,649.45 fill=(1.0, 1.0, 1.0) color=None
rect 323.15,608.42,339.15,649.45 fill=(1.0, 1.0, 1.0) color=None
rect 326.65,608.42,335.65,649.45 fill=(1.0, 1.0, 1.0) color=None
rect 339.65,608.42,355.40,649.45 fill=(0.9489127993583679, 0.9490348696708679, 0.9488822817802429) color=None
rect 342.90,608.42,351.90,649.45 fill=(0.9489127993583679, 0.9490348696708679, 0.9488822817802429) color=None
rect 355.90,608.42,371.90,649.45 fill=(0.9489127993583679, 0.9490348696708679, 0.9488822817802429) color=None
rect 359.40,608.42,368.40,649.45 fill=(0.9489127993583679, 0.9490348696708679, 0.9488822817802429) color=None
rect 372.40,608.42,388.17,649.45 fill=(0.9489127993583679, 0.9490348696708679, 0.9488822817802429) color=None
rect 375.90,608.42,384.92,649.45 fill=(0.9489127993583679, 0.9490348696708679, 0.9488822817802429) color=None
rect 388.68,608.42,404.68,649.45 fill=(1.0, 1.0, 1.0) color=None
rect 392.18,608.42,401.18,649.45 fill=(1.0, 1.0, 1.0) color=None
rect 405.18,608.42,421.18,649.45 fill=(1.0, 1.0, 1.0) color=None
rect 408.68,608.42,417.68,649.45 fill=(1.0, 1.0, 1.0) color=None
rect 421.68,608.42,437.43,649.45 fill=(1.0, 1.0, 1.0) color=None
rect 425.18,608.42,434.18,649.45 fill=(1.0, 1.0, 1.0) color=None
rect 437.93,608.42,453.95,649.45 fill=(0.9489127993583679, 0.9490348696708679, 0.9488822817802429) color=None
rect 441.45,608.42,450.45,649.45 fill=(0.9489127993583679, 0.9490348696708679, 0.9488822817802429) color=None
rect 454.45,608.42,470.45,649.45 fill=(0.9489127993583679, 0.9490348696708679, 0.9488822817802429) color=None
rect 457.95,608.42,466.95,649.45 fill=(0.9489127993583679, 0.9490348696708679, 0.9488822817802429) color=None
rect 470.95,608.42,486.70,649.45 fill=(0.9489127993583679, 0.9490348696708679, 0.9488822817802429) color=None
rect 474.45,608.42,483.45,649.45 fill=(0.9489127993583679, 0.9490348696708679, 0.9488822817802429) color=None
rect 487.20,608.42,503.23,649.45 fill=(0.9489127993583679, 0.9490348696708679, 0.9488822817802429) color=None
rect 490.70,608.42,499.73,649.45 fill=(0.9489127993583679, 0.9490348696708679, 0.9488822817802429) color=None
rect 503.73,608.42,519.73,649.45 fill=(0.9489127993583679, 0.9490348696708679, 0.9488822817802429) color=None
rect 507.23,608.42,516.23,649.45 fill=(0.9489127993583679, 0.9490348696708679, 0.9488822817802429) color=None
rect 520.23,608.42,535.98,649.45 fill=(0.9489127993583679, 0.9490348696708679, 0.9488822817802429) color=None
rect 523.48,608.42,532.48,649.45 fill=(0.9489127993583679, 0.9490348696708679, 0.9488822817802429) color=None
rect 536.48,608.42,551.98,649.45 fill=(0.9489127993583679, 0.9490348696708679, 0.9488822817802429) color=None
rect 539.73,608.42,548.73,649.45 fill=(0.9489127993583679, 0.9490348696708679, 0.9488822817802429) color=None
rect 43.03,606.92,43.53,608.42 fill=(0.0, 0.0, 0.0) color=None
rect 43.03,606.92,44.53,607.42 fill=(0.0, 0.0, 0.0) color=None
rect 44.03,607.92,44.53,608.42 fill=(0.0, 0.0, 0.0) color=None
rect 44.03,607.92,44.53,608.42 fill=(0.0, 0.0, 0.0) color=None
rect 44.53,606.92,60.03,607.42 fill=(0.0, 0.0, 0.0) color=None
rect 44.53,607.92,60.03,608.42 fill=(0.0, 0.0, 0.0) color=None
rect 60.03,606.92,61.53,607.42 fill=(0.0, 0.0, 0.0) color=None
rect 60.03,607.92,61.53,608.42 fill=(0.0, 0.0, 0.0) color=None
rect 61.53,606.92,76.28,607.42 fill=(0.0, 0.0, 0.0) color=None
rect 61.53,607.92,76.28,608.42 fill=(0.0, 0.0, 0.0) color=None
rect 76.28,606.92,77.78,607.42 fill=(0.0, 0.0, 0.0) color=None
rect 76.28,607.92,77.78,608.42 fill=(0.0, 0.0, 0.0) color=None
rect 77.78,606.92,92.80,607.42 fill=(0.0, 0.0, 0.0) color=None
rect 77.78,607.92,92.80,608.42 fill=(0.0, 0.0, 0.0) color=None
rect 92.80,606.92,94.30,607.42 fill=(0.0, 0.0, 0.0) color=None
rect 92.80,607.92,94.30,608.42 fill=(0.0, 0.0, 0.0) color=None
rect 94.30,606.92,109.05,607.42 fill=(0.0, 0.0, 0.0) color=None
rect 94.30,607.92,109.05,608.42 fill=(0.0, 0.0, 0.0) color=None
rect 109.05,606.92,110.55,607.42 fill=(0.0, 0.0, 0.0) color=None
rect 109.05,607.92,110.55,608.42 fill=(0.0, 0.0, 0.0) color=None
rect 110.55,606.92,125.55,607.42 fill=(0.0, 0.0, 0.0) color=None
rect 110.55,607.92,125.55,608.42 fill=(0.0, 0.0, 0.0) color=None
rect 125.55,606.92,127.05,607.42 fill=(0.0, 0.0, 0.0) color=None
rect 125.55,607.92,127.05,608.42 fill=(0.0, 0.0, 0.0) color=None
rect 127.05,606.92,142.05,607.42 fill=(0.0, 0.0, 0.0) color=None
rect 127.05,607.92,142.05,608.42 fill=(0.0, 0.0, 0.0) color=None
rect 142.05,606.92,143.55,607.42 fill=(0.0, 0.0, 0.0) color=None
rect 142.05,607.92,143.55,608.42 fill=(0.0, 0.0, 0.0) color=None
rect 143.55,606.92,158.32,607.42 fill=(0.0, 0.0, 0.0) color=None
rect 143.55,607.92,158.32,608.42 fill=(0.0, 0.0, 0.0) color=None
rect 158.33,606.92,159.83,607.42 fill=(0.0, 0.0, 0.0) color=None
rect 158.33,607.92,159.83,608.42 fill=(0.0, 0.0, 0.0) color=None
rect 159.83,606.92,174.83,607.42 fill=(0.0, 0.0, 0.0) color=None
rect 159.83,607.92,174.83,608.42 fill=(0.0, 0.0, 0.0) color=None
rect 174.83,606.92,176.33,607.42 fill=(0.0, 0.0, 0.0) color=None
rect 174.83,607.92,176.33,608.42 fill=(0.0, 0.0, 0.0) color=None
rect 176.33,606.92,191.33,607.42 fill=(0.0, 0.0, 0.0) color=None
rect 176.33,607.92,191.33,608.42 fill=(0.0, 0.0, 0.0) color=None
rect 191.33,606.92,192.83,607.42 fill=(0.0, 0.0, 0.0) color=None
rect 191.33,607.92,192.83,608.42 fill=(0.0, 0.0, 0.0) color=None
rect 192.83,606.92,207.60,607.42 fill=(0.0, 0.0, 0.0) color=None
rect 192.83,607.92,207.60,608.42 fill=(0.0, 0.0, 0.0) color=None
rect 207.60,606.92,209.10,607.42 fill=(0.0, 0.0, 0.0) color=None
rect 207.60,607.92,209.10,608.42 fill=(0.0, 0.0, 0.0) color=None
rect 209.10,606.92,224.10,607.42 fill=(0.0, 0.0, 0.0) color=None
rect 209.10,607.92,224.10,608.42 fill=(0.0, 0.0, 0.0) color=None
rect 224.10,606.92,225.60,607.42 fill=(0.0, 0.0, 0.0) color=None
rect 224.10,607.92,225.60,608.42 fill=(0.0, 0.0, 0.0) color=None
rect 225.60,606.92,240.60,607.42 fill=(0.0, 0.0, 0.0) color=None
rect 225.60,607.92,240.60,608.42 fill=(0.0, 0.0, 0.0) color=None
rect 240.60,606.92,242.10,607.42 fill=(0.0, 0.0, 0.0) color=None
rect 240.60,607.92,242.10,608.42 fill=(0.0, 0.0, 0.0) color=None
rect 242.10,606.92,256.85,607.42 fill=(0.0, 0.0, 0.0) color=None
rect 242.10,607.92,256.85,608.42 fill=(0.0, 0.0, 0.0) color=None
rect 256.85,606.92,258.35,607.42 fill=(0.0, 0.0, 0.0) color=None
rect 256.85,607.92,258.35,608.42 fill=(0.0, 0.0, 0.0) color=None
rect 258.35,606.92,273.38,607.42 fill=(0.0, 0.0, 0.0) color=None
rect 258.35,607.92,273.38,608.42 fill=(0.0, 0.0, 0.0) color=None
rect 273.38,606.92,274.88,607.42 fill=(0.0, 0.0, 0.0) color=None
rect 273.38,607.92,274.88,608.42 fill=(0.0, 0.0, 0.0) color=None
rect 274.88,606.92,289.88,607.42 fill=(0.0, 0.0, 0.0) color=None
rect 274.88,607.92,289.88,608.42 fill=(0.0, 0.0, 0.0) color=None
rect 289.88,606.92,291.38,607.42 fill=(0.0, 0.0, 0.0) color=None
rect 289.88,607.92,291.38,608.42 fill=(0.0, 0.0, 0.0) color=None
rect 291.38,606.92,306.13,607.42 fill=(0.0, 0.0, 0.0) color=None
rect 291.38,607.92,306.13,608.42 fill=(0.0, 0.0, 0.0) color=None
rect 306.13,606.92,307.63,607.42 fill=(0.0, 0.0, 0.0) color=None
rect 306.13,607.92,307.63,608.42 fill=(0.0, 0.0, 0.0) color=None
rect 307.63,606.92,322.65,607.42 fill=(0.0, 0.0, 0.0) color=None
rect 307.63,607.92,322.65,608.42 fill=(0.0, 0.0, 0.0) color=None
rect 322.65,606.92,324.15,607.42 fill=(0.0, 0.0, 0.0) color=None
rect 322.65,607.92,324.15,608.42 fill=(0.0, 0.0, 0.0) color=None
rect 324.15,606.92,339.15,607.42 fill=(0.0, 0.0, 0.0) color=None
rect 324.15,607.92,339.15,608.42 fill=(0.0, 0.0, 0.0) color=None
rect 339.15,606.92,340.65,607.42 fill=(0.0, 0.0, 0.0) color=None
rect 339.15,607.92,340.65,608.42 fill=(0.0, 0.0, 0.0) color=None
rect 340.65,606.92,355.40,607.42 fill=(0.0, 0.0, 0.0) color=None
rect 340.65,607.92,355.40,608.42 fill=(0.0, 0.0, 0.0) color=None
rect 355.40,606.92,356.90,607.42 fill=(0.0, 0.0, 0.0) color=None
rect 355.40,607.92,356.90,608.42 fill=(0.0, 0.0, 0.0) color=None
rect 356.90,606.92,371.90,607.42 fill=(0.0, 0.0, 0.0) color=None
rect 356.90,607.92,371.90,608.42 fill=(0.0, 0.0, 0.0) color=None
rect 371.90,606.92,373.40,607.42 fill=(0.0, 0.0, 0.0) color=None
rect 371.90,607.92,373.40,608.42 fill=(0.0, 0.0, 0.0) color=None
rect 373.40,606.92,388.17,607.42 fill=(0.0, 0.0, 0.0) color=None
rect 373.40,607.92,388.17,608.42 fill=(0.0, 0.0, 0.0) color=None
rect 388.18,606.92,389.68,607.42 fill=(0.0, 0.0, 0.0) color=None
rect 388.18,607.92,389.68,608.42 fill=(0.0, 0.0, 0.0) color=None
rect 389.68,606.92,404.68,607.42 fill=(0.0, 0.0, 0.0) color=None
rect 389.68,607.92,404.68,608.42 fill=(0.0, 0.0, 0.0) color=None
rect 404.68,606.92,406.18,607.42 fill=(0.0, 0.0, 0.0) color=None
rect 404.68,607.92,406.18,608.42 fill=(0.0, 0.0, 0.0) color=None
rect 406.18,606.92,421.18,607.42 fill=(0.0, 0.0, 0.0) color=None
rect 406.18,607.92,421.18,608.42 fill=(0.0, 0.0, 0.0) color=None
rect 421.18,606.92,422.68,607.42 fill=(0.0, 0.0, 0.0) color=None
rect 421.18,607.92,422.68,608.42 fill=(0.0, 0.0, 0.0) color=None
rect 422.68,606.92,437.43,607.42 fill=(0.0, 0.0, 0.0) color=None
rect 422.68,607.92,437.43,608.42 fill=(0.0, 0.0, 0.0) color=None
rect 437.43,606.92,438.93,607.42 fill=(0.0, 0.0, 0.0) color=None
rect 437.43,607.92,438.93,608.42 fill=(0.0, 0.0, 0.0) color=None
rect 438.93,606.92,453.95,607.42 fill=(0.0, 0.0, 0.0) color=None
rect 438.93,607.92,453.95,608.42 fill=(0.0, 0.0, 0.0) color=None
rect 453.95,606.92,455.45,607.42 fill=(0.0, 0.0, 0.0) color=None
rect 453.95,607.92,455.45,608.42 fill=(0.0, 0.0, 0.0) color=None
rect 455.45,606.92,470.45,607.42 fill=(0.0, 0.0, 0.0) color=None
rect 455.45,607.92,470.45,608.42 fill=(0.0, 0.0, 0.0) color=None
rect 470.45,606.92,471.95,607.42 fill=(0.0, 0.0, 0.0) color=None
rect 470.45,607.92,471.95,608.42 fill=(0.0, 0.0, 0.0) color=None
rect 471.95,606.92,486.70,607.42 fill=(0.0, 0.0, 0.0) color=None
rect 471.95,607.92,486.70,608.42 fill=(0.0, 0.0, 0.0) color=None
rect 486.70,606.92,488.20,607.42 fill=(0.0, 0.0, 0.0) color=None
rect 486.70,607.92,488.20,608.42 fill=(0.0, 0.0, 0.0) color=None
rect 488.20,606.92,503.23,607.42 fill=(0.0, 0.0, 0.0) color=None
rect 488.20,607.92,503.23,608.42 fill=(0.0, 0.0, 0.0) color=None
rect 503.23,606.92,504.73,607.42 fill=(0.0, 0.0, 0.0) color=None
rect 503.23,607.92,504.73,608.42 fill=(0.0, 0.0, 0.0) color=None
rect 504.73,606.92,519.73,607.42 fill=(0.0, 0.0, 0.0) color=None
rect 504.73,607.92,519.73,608.42 fill=(0.0, 0.0, 0.0) color=None
rect 519.73,606.92,521.23,607.42 fill=(0.0, 0.0, 0.0) color=None
rect 519.73,607.92,521.23,608.42 fill=(0.0, 0.0, 0.0) color=None
rect 521.23,606.92,535.98,607.42 fill=(0.0, 0.0, 0.0) color=None
rect 521.23,607.92,535.98,608.42 fill=(0.0, 0.0, 0.0) color=None
rect 535.98,606.92,537.48,607.42 fill=(0.0, 0.0, 0.0) color=None
rect 535.98,607.92,537.48,608.42 fill=(0.0, 0.0, 0.0) color=None
rect 537.48,606.92,551.98,607.42 fill=(0.0, 0.0, 0.0) color=None
rect 537.48,607.92,551.98,608.42 fill=(0.0, 0.0, 0.0) color=None
rect 552.98,606.92,553.48,608.42 fill=(0.0, 0.0, 0.0) color=None
rect 551.98,606.92,553.48,607.42 fill=(0.0, 0.0, 0.0) color=None
rect 551.98,607.92,552.48,608.42 fill=(0.0, 0.0, 0.0) color=None
rect 551.98,607.92,552.48,608.42 fill=(0.0, 0.0, 0.0) color=None
rect 44.03,608.42,44.53,649.45 fill=(0.0, 0.0, 0.0) color=None
rect 43.03,608.42,43.53,649.45 fill=(0.0, 0.0, 0.0) color=None
rect 60.03,608.42,60.53,649.45 fill=(0.0, 0.0, 0.0) color=None
rect 76.28,608.42,76.78,649.45 fill=(0.0, 0.0, 0.0) color=None
rect 92.80,608.42,93.30,649.45 fill=(0.0, 0.0, 0.0) color=None
rect 109.05,608.42,109.55,649.45 fill=(0.0, 0.0, 0.0) color=None
rect 125.55,608.42,126.05,649.45 fill=(0.0, 0.0, 0.0) color=None
rect 142.05,608.42,142.55,649.45 fill=(0.0, 0.0, 0.0) color=None
rect 158.33,608.42,158.83,649.45 fill=(0.0, 0.0, 0.0) color=None
rect 174.83,608.42,175.33,649.45 fill=(0.0, 0.0, 0.0) color=None
rect 191.33,608.42,191.83,649.45 fill=(0.0, 0.0, 0.0) color=None
rect 207.60,608.42,208.10,649.45 fill=(0.0, 0.0, 0.0) color=None
rect 224.10,608.42,224.60,649.45 fill=(0.0, 0.0, 0.0) color=None
rect 240.60,608.42,241.10,649.45 fill=(0.0, 0.0, 0.0) color=None
rect 256.85,608.42,257.35,649.45 fill=(0.0, 0.0, 0.0) color=None
rect 273.38,608.42,273.88,649.45 fill=(0.0, 0.0, 0.0) color=None
rect 289.88,608.42,290.38,649.45 fill=(0.0, 0.0, 0.0) color=None
rect 306.13,608.42,306.63,649.45 fill=(0.0, 0.0, 0.0) color=None
rect 322.65,608.42,323.15,649.45 fill=(0.0, 0.0, 0.0) color=None
rect 339.15,608.42,339.65,649.45 fill=(0.0, 0.0, 0.0) color=None
rect 355.40,608.42,355.90,649.45 fill=(0.0, 0.0, 0.0) color=None
rect 371.90,608.42,372.40,649.45 fill=(0.0, 0.0, 0.0) color=None
rect 388.18,608.42,388.68,649.45 fill=(0.0, 0.0, 0.0) color=None
rect 404.68,608.42,405.18,649.45 fill=(0.0, 0.0, 0.0) color=None
rect 421.18,608.42,421.68,649.45 fill=(0.0, 0.0, 0.0) color=None
rect 437.43,608.42,437.93,649.45 fill=(0.0, 0.0, 0.0) color=None
rect 453.95,608.42,454.45,649.45 fill=(0.0, 0.0, 0.0) color=None
rect 470.45,608.42,470.95,649.45 fill=(0.0, 0.0, 0.0) color=None
rect 486.70,608.42,487.20,649.45 fill=(0.0, 0.0, 0.0) color=None
rect 503.23,608.42,503.73,649.45 fill=(0.0, 0.0, 0.0) color=None
rect 519.73,608.42,520.23,649.45 fill=(0.0, 0.0, 0.0) color=None
rect 535.98,608.42,536.48,649.45 fill=(0.0, 0.0, 0.0) color=None
rect 552.98,608.42,553.48,649.45 fill=(0.0, 0.0, 0.0) color=None
rect 551.98,608.42,552.48,649.45 fill=(0.0, 0.0, 0.0) color=None
rect 44.53,649.95,60.03,662.70 fill=(1.0, 1.0, 1.0) color=None
rect 47.78,649.95,56.78,662.70 fill=(1.0, 1.0, 1.0) color=None
rect 60.53,649.95,76.28,662.70 fill=(1.0, 1.0, 1.0) color=None
rect 63.78,649.95,72.78,662.70 fill=(1.0, 1.0, 1.0) color=None
rect 76.78,649.95,92.80,662.70 fill=(1.0, 1.0, 1.0) color=None
rect 80.28,649.95,89.30,662.70 fill=(1.0, 1.0, 1.0) color=None
rect 93.30,649.95,109.05,662.70 fill=(1.0, 1.0, 1.0) color=None
rect 96.80,649.95,105.80,662.70 fill=(1.0, 1.0, 1.0) color=None
rect 109.55,649.95,125.55,662.70 fill=(1.0, 1.0, 1.0) color=None
rect 113.05,649.95,122.05,662.70 fill=(1.0, 1.0, 1.0) color=None
rect 126.05,649.95,142.05,662.70 fill=(0.9489127993583679, 0.9490348696708679, 0.9488822817802429) color=None
rect 129.55,649.95,138.55,662.70 fill=(0.9489127993583679, 0.9490348696708679, 0.9488822817802429) color=None
rect 142.55,649.95,158.32,662.70 fill=(0.9489127993583679, 0.9490348696708679, 0.9488822817802429) color=None
rect 146.08,649.95,155.08,662.70 fill=(0.9489127993583679, 0.9490348696708679, 0.9488822817802429) color=None
rect 158.83,649.95,174.83,662.70 fill=(1.0, 1.0, 1.0) color=None
rect 162.33,649.95,171.33,662.70 fill=(1.0, 1.0, 1.0) color=None
rect 175.33,649.95,191.33,662.70 fill=(1.0, 1.0, 1.0) color=None
rect 178.83,649.95,187.83,662.70 fill=(1.0, 1.0, 1.0) color=None
rect 191.83,649.95,207.60,662.70 fill=(1.0, 1.0, 1.0) color=None
rect 195.33,649.95,204.35,662.70 fill=(1.0, 1.0, 1.0) color=None
rect 208.10,649.95,224.10,662.70 fill=(1.0, 1.0, 1.0) color=None
rect 211.60,649.95,220.60,662.70 fill=(1.0, 1.0, 1.0) color=None
rect 224.60,649.95,240.60,662.70 fill=(1.0, 1.0, 1.0) color=None
rect 228.10,649.95,237.10,662.70 fill=(1.0, 1.0, 1.0) color=None
rect 241.10,649.95,256.85,662.70 fill=(0.9489127993583679, 0.9490348696708679, 0.9488822817802429) color=None
rect 244.35,649.95,253.35,662.70 fill=(0.9489127993583679, 0.9490348696708679, 0.9488822817802429) color=None
rect 257.35,649.95,273.38,662.70 fill=(0.9489127993583679, 0.9490348696708679, 0.9488822817802429) color=None
rect 260.85,649.95,269.88,662.70 fill=(0.9489127993583679, 0.9490348696708679, 0.9488822817802429) color=None
rect 273.88,649.95,289.88,662.70 fill=(1.0, 1.0, 1.0) color=None
rect 277.38,649.95,286.38,662.70 fill=(1.0, 1.0, 1.0) color=None
rect 290.38,649.95,306.13,662.70 fill=(1.0, 1.0, 1.0) color=None
rect 293.63,649.95,302.63,662.70 fill=(1.0, 1.0, 1.0) color=None
rect 306.63,649.95,322.65,662.70 fill=(1.0, 1.0, 1.0) color=None
rect 310.13,649.95,319.13,662.70 fill=(1.0, 1.0, 1.0) color=None
rect 323.15,649.95,339.15,662.70 fill=(1.0, 1.0, 1.0) color=None
rect 326.65,649.95,335.65,662.70 fill=(1.0, 1.0, 1.0) color=None
rect 339.65,649.95,355.40,662.70 fill=(0.9489127993583679, 0.9490348696708679, 0.9488822817802429) color=None
rect 342.90,649.95,351.90,662.70 fill=(0.9489127993583679, 0.9490348696708679, 0.9488822817802429) color=None
rect 355.90,649.95,371.90,662.70 fill=(0.9489127993583679, 0.9490348696708679, 0.9488822817802429) color=None
rect 359.40,649.95,368.40,662.70 fill=(0.9489127993583679, 0.9490348696708679, 0.9488822817802429) color=None
rect 372.40,649.95,388.17,662.70 fill=(0.9489127993583679, 0.9490348696708679, 0.9488822817802429) color=None
rect 375.90,649.95,384.92,662.70 fill=(0.9489127993583679, 0.9490348696708679, 0.9488822817802429) color=None
rect 388.68,649.95,404.68,662.70 fill=(1.0, 1.0, 1.0) color=None
rect 392.18,649.95,401.18,662.70 fill=(1.0, 1.0, 1.0) color=None
rect 405.18,649.95,421.18,662.70 fill=(1.0, 1.0, 1.0) color=None
rect 408.68,649.95,417.68,662.70 fill=(1.0, 1.0, 1.0) color=None
rect 421.68,649.95,437.43,662.70 fill=(1.0, 1.0, 1.0) color=None
rect 425.18,649.95,434.18,662.70 fill=(1.0, 1.0, 1.0) color=None
rect 437.93,649.95,453.95,662.70 fill=(0.9489127993583679, 0.9490348696708679, 0.9488822817802429) color=None
rect 441.45,649.95,450.45,662.70 fill=(0.9489127993583679, 0.9490348696708679, 0.9488822817802429) color=None
rect 454.45,649.95,470.45,662.70 fill=(0.9489127993583679, 0.9490348696708679, 0.9488822817802429) color=None
rect 457.95,649.95,466.95,662.70 fill=(0.9489127993583679, 0.9490348696708679, 0.9488822817802429) color=None
rect 470.95,649.95,486.70,662.70 fill=(0.9489127993583679, 0.9490348696708679, 0.9488822817802429) color=None
rect 474.45,649.95,483.45,662.70 fill=(0.9489127993583679, 0.9490348696708679, 0.9488822817802429) color=None
rect 487.20,649.95,503.23,662.70 fill=(0.9489127993583679, 0.9490348696708679, 0.9488822817802429) color=None
rect 490.70,649.95,499.73,662.70 fill=(0.9489127993583679, 0.9490348696708679, 0.9488822817802429) color=None
rect 503.73,649.95,519.73,662.70 fill=(0.9489127993583679, 0.9490348696708679, 0.9488822817802429) color=None
rect 507.23,649.95,516.23,662.70 fill=(0.9489127993583679, 0.9490348696708679, 0.9488822817802429) color=None
rect 520.23,649.95,535.98,662.70 fill=(0.9489127993583679, 0.9490348696708679, 0.9488822817802429) color=None
rect 523.48,649.95,532.48,662.70 fill=(0.9489127993583679, 0.9490348696708679, 0.9488822817802429) color=None
rect 536.48,649.95,551.98,662.70 fill=(0.9489127993583679, 0.9490348696708679, 0.9488822817802429) color=None
rect 539.73,649.95,548.73,662.70 fill=(0.9489127993583679, 0.9490348696708679, 0.9488822817802429) color=None
rect 44.03,649.45,44.53,649.95 fill=(0.0, 0.0, 0.0) color=None
rect 43.03,649.45,43.53,649.95 fill=(0.0, 0.0, 0.0) color=None
rect 44.53,649.45,60.03,649.95 fill=(0.5019454956054688, 0.502021849155426, 0.5019302368164062) color=None
rect 60.03,649.45,60.53,649.95 fill=(0.5019454956054688, 0.502021849155426, 0.5019302368164062) color=None
rect 60.53,649.45,76.28,649.95 fill=(0.5019454956054688, 0.502021849155426, 0.5019302368164062) color=None
rect 76.28,649.45,76.78,649.95 fill=(0.5019454956054688, 0.502021849155426, 0.5019302368164062) color=None
rect 76.78,649.45,92.80,649.95 fill=(0.5019454956054688, 0.502021849155426, 0.5019302368164062) color=None
rect 92.80,649.45,93.30,649.95 fill=(0.5019454956054688, 0.502021849155426, 0.5019302368164062) color=None
rect 93.30,649.45,109.05,649.95 fill=(0.5019454956054688, 0.502021849155426, 0.5019302368164062) color=None
rect 109.05,649.45,109.55,649.95 fill=(0.5019454956054688, 0.502021849155426, 0.5019302368164062) color=None
rect 109.55,649.45,125.55,649.95 fill=(0.5019454956054688, 0.502021849155426, 0.5019302368164062) color=None
rect 125.55,649.45,126.05,649.95 fill=(0.5019454956054688, 0.502021849155426, 0.5019302368164062) color=None
rect 126.05,649.45,142.05,649.95 fill=(0.5019454956054688, 0.502021849155426, 0.5019302368164062) color=None
rect 142.05,649.45,142.55,649.95 fill=(0.5019454956054688, 0.502021849155426, 0.5019302368164062) color=None
rect 142.55,649.45,158.32,649.95 fill=(0.5019454956054688, 0.502021849155426, 0.5019302368164062) color=None
rect 158.33,649.45,158.83,649.95 fill=(0.5019454956054688, 0.502021849155426, 0.5019302368164062) color=None
rect 158.83,649.45,174.83,649.95 fill=(0.5019454956054688, 0.502021849155426, 0.5019302368164062) color=None
rect 174.83,649.45,175.33,649.95 fill=(0.5019454956054688, 0.502021849155426, 0.5019302368164062) color=None
rect 175.33,649.45,191.33,649.95 fill=(0.5019454956054688, 0.502021849155426, 0.5019302368164062) color=None
rect 191.33,649.45,191.83,649.95 fill=(0.5019454956054688, 0.502021849155426, 0.5019302368164062) color=None
rect 191.83,649.45,207.60,649.95 fill=(0.5019454956054688, 0.502021849155426, 0.5019302368164062) color=None
rect 207.60,649.45,208.10,649.95 fill=(0.5019454956054688, 0.502021849155426, 0.5019302368164062) color=None
rect 208.10,649.45,224.10,649.95 fill=(0.5019454956054688, 0.502021849155426, 0.5019302368164062) color=None
rect 224.10,649.45,224.60,649.95 fill=(0.5019454956054688, 0.502021849155426, 0.5019302368164062) color=None
rect 224.60,649.45,240.60,649.95 fill=(0.5019454956054688, 0.502021849155426, 0.5019302368164062) color=None
rect 240.60,649.45,241.10,649.95 fill=(0.5019454956054688, 0.502021849155426, 0.5019302368164062) color=None
rect 241.10,649.45,256.85,649.95 fill=(0.5019454956054688, 0.502021849155426, 0.5019302368164062) color=None
rect 256.85,649.45,257.35,649.95 fill=(0.5019454956054688, 0.502021849155426, 0.5019302368164062) color=None
rect 257.35,649.45,273.38,649.95 fill=(0.5019454956054688, 0.502021849155426, 0.5019302368164062) color=None
rect 273.38,649.45,273.88,649.95 fill=(0.5019454956054688, 0.502021849155426, 0.5019302368164062) color=None
rect 273.88,649.45,289.88,649.95 fill=(0.5019454956054688, 0.502021849155426, 0.5019302368164062) color=None
rect 289.88,649.45,290.38,649.95 fill=(0.5019454956054688, 0.502021849155426, 0.5019302368164062) color=None
rect 290.38,649.45,306.13,649.95 fill=(0.5019454956054688, 0.502021849155426, 0.5019302368164062) color=None
rect 306.13,649.45,306.63,649.95 fill=(0.5019454956054688, 0.502021849155426, 0.5019302368164062) color=None
rect 306.63,649.45,322.65,649.95 fill=(0.5019454956054688, 0.502021849155426, 0.5019302368164062) color=None
rect 322.65,649.45,323.15,649.95 fill=(0.5019454956054688, 0.502021849155426, 0.5019302368164062) color=None
rect 323.15,649.45,339.15,649.95 fill=(0.5019454956054688, 0.502021849155426, 0.5019302368164062) color=None
rect 339.15,649.45,339.65,649.95 fill=(0.5019454956054688, 0.502021849155426, 0.5019302368164062) color=None
rect 339.65,649.45,355.40,649.95 fill=(0.5019454956054688, 0.502021849155426, 0.5019302368164062) color=None
rect 355.40,649.45,355.90,649.95 fill=(0.5019454956054688, 0.502021849155426, 0.5019302368164062) color=None
rect 355.90,649.45,371.90,649.95 fill=(0.5019454956054688, 0.502021849155426, 0.5019302368164062) color=None
rect 371.90,649.45,372.40,649.95 fill=(0.5019454956054688, 0.502021849155426, 0.5019302368164062) color=None
rect 372.40,649.45,388.17,649.95 fill=(0.5019454956054688, 0.502021849155426, 0.5019302368164062) color=None
rect 388.18,649.45,388.68,649.95 fill=(0.5019454956054688, 0.502021849155426, 0.5019302368164062) color=None
rect 388.68,649.45,404.68,649.95 fill=(0.5019454956054688, 0.502021849155426, 0.5019302368164062) color=None
rect 404.68,649.45,405.18,649.95 fill=(0.5019454956054688, 0.502021849155426, 0.5019302368164062) color=None
rect 405.18,649.45,421.18,649.95 fill=(0.5019454956054688, 0.502021849155426, 0.5019302368164062) color=None
rect 421.18,649.45,421.68,649.95 fill=(0.5019454956054688, 0.502021849155426, 0.5019302368164062) color=None
rect 421.68,649.45,437.43,649.95 fill=(0.5019454956054688, 0.502021849155426, 0.5019302368164062) color=None
rect 437.43,649.45,437.93,649.95 fill=(0.5019454956054688, 0.502021849155426, 0.5019302368164062) color=None
rect 437.93,649.45,453.95,649.95 fill=(0.5019454956054688, 0.502021849155426, 0.5019302368164062) color=None
rect 453.95,649.45,454.45,649.95 fill=(0.5019454956054688, 0.502021849155426, 0.5019302368164062) color=None
rect 454.45,649.45,470.45,649.95 fill=(0.5019454956054688, 0.502021849155426, 0.5019302368164062) color=None
rect 470.45,649.45,470.95,649.95 fill=(0.5019454956054688, 0.502021849155426, 0.5019302368164062) color=None
rect 470.95,649.45,486.70,649.95 fill=(0.5019454956054688, 0.502021849155426, 0.5019302368164062) color=None
rect 486.70,649.45,487.20,649.95 fill=(0.5019454956054688, 0.502021849155426, 0.5019302368164062) color=None
rect 487.20,649.45,503.23,649.95 fill=(0.5019454956054688, 0.502021849155426, 0.5019302368164062) color=None
rect 503.23,649.45,503.73,649.95 fill=(0.5019454956054688, 0.502021849155426, 0.5019302368164062) color=None
rect 503.73,649.45,519.73,649.95 fill=(0.5019454956054688, 0.502021849155426, 0.5019302368164062) color=None
rect 519.73,649.45,520.23,649.95 fill=(0.5019454956054688, 0.502021849155426, 0.5019302368164062) color=None
rect 520.23,649.45,535.98,649.95 fill=(0.5019454956054688, 0.502021849155426, 0.5019302368164062) color=None
rect 535.98,649.45,536.48,649.95 fill=(0.5019454956054688, 0.502021849155426, 0.5019302368164062) color=None
rect 536.48,649.45,551.98,649.95 fill=(0.5019454956054688, 0.502021849155426, 0.5019302368164062) color=None
rect 552.98,649.45,553.48,649.95 fill=(0.0, 0.0, 0.0) color=None
rect 551.98,649.45,552.48,649.95 fill=(0.0, 0.0, 0.0) color=None
rect 44.03,649.95,44.53,662.70 fill=(0.0, 0.0, 0.0) color=None
rect 43.03,649.95,43.53,662.70 fill=(0.0, 0.0, 0.0) color=None
rect 60.03,649.95,60.53,662.70 fill=(0.0, 0.0, 0.0) color=None
rect 76.28,649.95,76.78,662.70 fill=(0.0, 0.0, 0.0) color=None
rect 92.80,649.95,93.30,662.70 fill=(0.0, 0.0, 0.0) color=None
rect 109.05,649.95,109.55,662.70 fill=(0.0, 0.0, 0.0) color=None
rect 125.55,649.95,126.05,662.70 fill=(0.0, 0.0, 0.0) color=None
rect 142.05,649.95,142.55,662.70 fill=(0.0, 0.0, 0.0) color=None
rect 158.33,649.95,158.83,662.70 fill=(0.0, 0.0, 0.0) color=None
rect 174.83,649.95,175.33,662.70 fill=(0.0, 0.0, 0.0) color=None
rect 191.33,649.95,191.83,662.70 fill=(0.0, 0.0, 0.0) color=None
rect 207.60,649.95,208.10,662.70 fill=(0.0, 0.0, 0.0) color=None
rect 224.10,649.95,224.60,662.70 fill=(0.0, 0.0, 0.0) color=None
rect 240.60,649.95,241.10,662.70 fill=(0.0, 0.0, 0.0) color=None
rect 256.85,649.95,257.35,662.70 fill=(0.0, 0.0, 0.0) color=None
rect 273.38,649.95,273.88,662.70 fill=(0.0, 0.0, 0.0) color=None
rect 289.88,649.95,290.38,662.70 fill=(0.0, 0.0, 0.0) color=None
rect 306.13,649.95,306.63,662.70 fill=(0.0, 0.0, 0.0) color=None
rect 322.65,649.95,323.15,662.70 fill=(0.0, 0.0, 0.0) color=None
rect 339.15,649.95,339.65,662.70 fill=(0.0, 0.0, 0.0) color=None
rect 355.40,649.95,355.90,662.70 fill=(0.0, 0.0, 0.0) color=None
rect 371.90,649.95,372.40,662.70 fill=(0.0, 0.0, 0.0) color=None
rect 388.18,649.95,388.68,662.70 fill=(0.0, 0.0, 0.0) color=None
rect 404.68,649.95,405.18,662.70 fill=(0.0, 0.0, 0.0) color=None
rect 421.18,649.95,421.68,662.70 fill=(0.0, 0.0, 0.0) color=None
rect 437.43,649.95,437.93,662.70 fill=(0.0, 0.0, 0.0) color=None
rect 453.95,649.95,454.45,662.70 fill=(0.0, 0.0, 0.0) color=None
rect 470.45,649.95,470.95,662.70 fill=(0.0, 0.0, 0.0) color=None
rect 486.70,649.95,487.20,662.70 fill=(0.0, 0.0, 0.0) color=None
rect 503.23,649.95,503.73,662.70 fill=(0.0, 0.0, 0.0) color=None
rect 519.73,649.95,520.23,662.70 fill=(0.0, 0.0, 0.0) color=None
rect 535.98,649.95,536.48,662.70 fill=(0.0, 0.0, 0.0) color=None
rect 552.98,649.95,553.48,662.70 fill=(0.0, 0.0, 0.0) color=None
rect 551.98,649.95,552.48,662.70 fill=(0.0, 0.0, 0.0) color=None
rect 44.53,663.20,60.03,772.72 fill=(1.0, 1.0, 1.0) color=None
rect 47.78,663.20,56.78,772.72 fill=(1.0, 1.0, 1.0) color=None
rect 60.53,663.20,76.28,772.72 fill=(1.0, 1.0, 1.0) color=None
rect 63.78,663.20,72.78,772.72 fill=(1.0, 1.0, 1.0) color=None
rect 76.78,663.20,92.80,772.72 fill=(1.0, 1.0, 1.0) color=None
rect 80.28,663.20,89.30,772.72 fill=(1.0, 1.0, 1.0) color=None
rect 93.30,663.20,109.05,772.72 fill=(1.0, 1.0, 1.0) color=None
rect 96.80,663.20,105.80,772.72 fill=(1.0, 1.0, 1.0) color=None
rect 109.55,663.20,125.55,772.72 fill=(1.0, 1.0, 1.0) color=None
rect 113.05,663.20,122.05,772.72 fill=(1.0, 1.0, 1.0) color=None
rect 126.05,663.20,142.05,772.72 fill=(0.9489127993583679, 0.9490348696708679, 0.9488822817802429) color=None
rect 129.55,663.20,138.55,772.72 fill=(0.9489127993583679, 0.9490348696708679, 0.9488822817802429) color=None
rect 142.55,663.20,158.32,772.72 fill=(0.9489127993583679, 0.9490348696708679, 0.9488822817802429) color=None
rect 146.08,663.20,155.08,772.72 fill=(0.9489127993583679, 0.9490348696708679, 0.9488822817802429) color=None
rect 158.83,663.20,174.83,772.72 fill=(1.0, 1.0, 1.0) color=None
rect 162.33,663.20,171.33,772.72 fill=(1.0, 1.0, 1.0) color=None
rect 175.33,663.20,191.33,772.72 fill=(1.0, 1.0, 1.0) color=None
rect 178.83,663.20,187.83,772.72 fill=(1.0, 1.0, 1.0) color=None
rect 191.83,663.20,207.60,772.72 fill=(1.0, 1.0, 1.0) color=None
rect 195.33,663.20,204.35,772.72 fill=(1.0, 1.0, 1.0) color=None
rect 208.10,663.20,224.10,772.72 fill=(1.0, 1.0, 1.0) color=None
rect 211.60,663.20,220.60,772.72 fill=(1.0, 1.0, 1.0) color=None
rect 224.60,663.20,240.60,772.72 fill=(1.0, 1.0, 1.0) color=None
rect 228.10,663.20,237.10,772.72 fill=(1.0, 1.0, 1.0) color=None
rect 241.10,663.20,256.85,772.72 fill=(0.9489127993583679, 0.9490348696708679, 0.9488822817802429) color=None
rect 244.35,663.20,253.35,772.72 fill=(0.9489127993583679, 0.9490348696708679, 0.9488822817802429) color=None
rect 257.35,663.20,273.38,772.72 fill=(0.9489127993583679, 0.9490348696708679, 0.9488822817802429) color=None
rect 260.85,663.20,269.88,772.72 fill=(0.9489127993583679, 0.9490348696708679, 0.9488822817802429) color=None
rect 273.88,663.20,289.88,772.72 fill=(1.0, 1.0, 1.0) color=None
rect 277.38,663.20,286.38,772.72 fill=(1.0, 1.0, 1.0) color=None
rect 290.38,663.20,306.13,772.72 fill=(1.0, 1.0, 1.0) color=None
rect 293.63,663.20,302.63,772.72 fill=(1.0, 1.0, 1.0) color=None
rect 306.63,663.20,322.65,772.72 fill=(1.0, 1.0, 1.0) color=None
rect 310.13,663.20,319.13,772.72 fill=(1.0, 1.0, 1.0) color=None
rect 323.15,663.20,339.15,772.72 fill=(1.0, 1.0, 1.0) color=None
rect 326.65,663.20,335.65,772.72 fill=(1.0, 1.0, 1.0) color=None
rect 339.65,663.20,355.40,772.72 fill=(0.9489127993583679, 0.9490348696708679, 0.9488822817802429) color=None
rect 342.90,663.20,351.90,772.72 fill=(0.9489127993583679, 0.9490348696708679, 0.9488822817802429) color=None
rect 355.90,663.20,371.90,772.72 fill=(0.9489127993583679, 0.9490348696708679, 0.9488822817802429) color=None
rect 359.40,663.20,368.40,772.72 fill=(0.9489127993583679, 0.9490348696708679, 0.9488822817802429) color=None
rect 372.40,663.20,388.17,772.72 fill=(0.9489127993583679, 0.9490348696708679, 0.9488822817802429) color=None
rect 375.90,663.20,384.92,772.72 fill=(0.9489127993583679, 0.9490348696708679, 0.9488822817802429) color=None
rect 388.68,663.20,404.68,772.72 fill=(1.0, 1.0, 1.0) color=None
rect 392.18,663.20,401.18,772.72 fill=(1.0, 1.0, 1.0) color=None
rect 405.18,663.20,421.18,772.72 fill=(1.0, 1.0, 1.0) color=None
rect 408.68,663.20,417.68,772.72 fill=(1.0, 1.0, 1.0) color=None
rect 421.68,663.20,437.43,772.72 fill=(1.0, 1.0, 1.0) color=None
rect 425.18,663.20,434.18,772.72 fill=(1.0, 1.0, 1.0) color=None
rect 437.93,663.20,453.95,772.72 fill=(0.9489127993583679, 0.9490348696708679, 0.9488822817802429) color=None
rect 441.45,663.20,450.45,772.72 fill=(0.9489127993583679, 0.9490348696708679, 0.9488822817802429) color=None
rect 454.45,663.20,470.45,772.72 fill=(0.9489127993583679, 0.9490348696708679, 0.9488822817802429) color=None
rect 457.95,663.20,466.95,772.72 fill=(0.9489127993583679, 0.9490348696708679, 0.9488822817802429) color=None
rect 470.95,663.20,486.70,772.72 fill=(0.9489127993583679, 0.9490348696708679, 0.9488822817802429) color=None
rect 474.45,663.20,483.45,772.72 fill=(0.9489127993583679, 0.9490348696708679, 0.9488822817802429) color=None
rect 487.20,663.20,503.23,772.72 fill=(0.9489127993583679, 0.9490348696708679, 0.9488822817802429) color=None
rect 490.70,663.20,499.73,772.72 fill=(0.9489127993583679, 0.9490348696708679, 0.9488822817802429) color=None
rect 503.73,663.20,519.73,772.72 fill=(0.9489127993583679, 0.9490348696708679, 0.9488822817802429) color=None
rect 507.23,663.20,516.23,772.72 fill=(0.9489127993583679, 0.9490348696708679, 0.9488822817802429) color=None
rect 520.23,663.20,535.98,772.72 fill=(0.9489127993583679, 0.9490348696708679, 0.9488822817802429) color=None
rect 523.48,663.20,532.48,772.72 fill=(0.9489127993583679, 0.9490348696708679, 0.9488822817802429) color=None
rect 536.48,663.20,551.98,772.72 fill=(0.9489127993583679, 0.9490348696708679, 0.9488822817802429) color=None
rect 539.73,663.20,548.73,772.72 fill=(0.9489127993583679, 0.9490348696708679, 0.9488822817802429) color=None
rect 44.03,662.70,44.53,663.20 fill=(0.0, 0.0, 0.0) color=None
rect 43.03,662.70,43.53,663.20 fill=(0.0, 0.0, 0.0) color=None
rect 44.53,662.70,60.03,663.20 fill=(0.5019454956054688, 0.502021849155426, 0.5019302368164062) color=None
rect 60.03,662.70,60.53,663.20 fill=(0.5019454956054688, 0.502021849155426, 0.5019302368164062) color=None
rect 60.53,662.70,76.28,663.20 fill=(0.5019454956054688, 0.502021849155426, 0.5019302368164062) color=None
rect 76.28,662.70,76.78,663.20 fill=(0.5019454956054688, 0.502021849155426, 0.5019302368164062) color=None
rect 76.78,662.70,92.80,663.20 fill=(0.5019454956054688, 0.502021849155426, 0.5019302368164062) color=None
rect 92.80,662.70,93.30,663.20 fill=(0.5019454956054688, 0.502021849155426, 0.5019302368164062) color=None
rect 93.30,662.70,109.05,663.20 fill=(0.5019454956054688, 0.502021849155426, 0.5019302368164062) color=None
rect 109.05,662.70,109.55,663.20 fill=(0.5019454956054688, 0.502021849155426, 0.5019302368164062) color=None
rect 109.55,662.70,125.55,663.20 fill=(0.5019454956054688, 0.502021849155426, 0.5019302368164062) color=None
rect 125.55,662.70,126.05,663.20 fill=(0.5019454956054688, 0.502021849155426, 0.5019302368164062) color=None
rect 126.05,662.70,142.05,663.20 fill=(0.5019454956054688, 0.502021849155426, 0.5019302368164062) color=None
rect 142.05,662.70,142.55,663.20 fill=(0.5019454956054688, 0.502021849155426, 0.5019302368164062) color=None
rect 142.55,662.70,158.32,663.20 fill=(0.5019454956054688, 0.502021849155426, 0.5019302368164062) color=None
rect 158.33,662.70,158.83,663.20 fill=(0.5019454956054688, 0.502021849155426, 0.5019302368164062) color=None
rect 158.83,662.70,174.83,663.20 fill=(0.5019454956054688, 0.502021849155426, 0.5019302368164062) color=None
rect 174.83,662.70,175.33,663.20 fill=(0.5019454956054688, 0.502021849155426, 0.5019302368164062) color=None
rect 175.33,662.70,191.33,663.20 fill=(0.5019454956054688, 0.502021849155426, 0.5019302368164062) color=None
rect 191.33,662.70,191.83,663.20 fill=(0.5019454956054688, 0.502021849155426, 0.5019302368164062) color=None
rect 191.83,662.70,207.60,663.20 fill=(0.5019454956054688, 0.502021849155426, 0.5019302368164062) color=None
rect 207.60,662.70,208.10,663.20 fill=(0.5019454956054688, 0.502021849155426, 0.5019302368164062) color=None
rect 208.10,662.70,224.10,663.20 fill=(0.5019454956054688, 0.502021849155426, 0.5019302368164062) color=None
rect 224.10,662.70,224.60,663.20 fill=(0.5019454956054688, 0.502021849155426, 0.5019302368164062) color=None
rect 224.60,662.70,240.60,663.20 fill=(0.5019454956054688, 0.502021849155426, 0.5019302368164062) color=None
rect 240.60,662.70,241.10,663.20 fill=(0.5019454956054688, 0.502021849155426, 0.5019302368164062) color=None
rect 241.10,662.70,256.85,663.20 fill=(0.5019454956054688, 0.502021849155426, 0.5019302368164062) color=None
rect 256.85,662.70,257.35,663.20 fill=(0.5019454956054688, 0.502021849155426, 0.5019302368164062) color=None
rect 257.35,662.70,273.38,663.20 fill=(0.5019454956054688, 0.502021849155426, 0.5019302368164062) color=None
rect 273.38,662.70,273.88,663.20 fill=(0.5019454956054688, 0.502021849155426, 0.5019302368164062) color=None
rect 273.88,662.70,289.88,663.20 fill=(0.5019454956054688, 0.502021849155426, 0.5019302368164062) color=None
rect 289.88,662.70,290.38,663.20 fill=(0.5019454956054688, 0.502021849155426, 0.5019302368164062) color=None
rect 290.38,662.70,306.13,663.20 fill=(0.5019454956054688, 0.502021849155426, 0.5019302368164062) color=None
rect 306.13,662.70,306.63,663.20 fill=(0.5019454956054688, 0.502021849155426, 0.5019302368164062) color=None
rect 306.63,662.70,322.65,663.20 fill=(0.5019454956054688, 0.502021849155426, 0.5019302368164062) color=None
rect 322.65,662.70,323.15,663.20 fill=(0.5019454956054688, 0.502021849155426, 0.5019302368164062) color=None
rect 323.15,662.70,339.15,663.20 fill=(0.5019454956054688, 0.502021849155426, 0.5019302368164062) color=None
rect 339.15,662.70,339.65,663.20 fill=(0.5019454956054688, 0.502021849155426, 0.5019302368164062) color=None
rect 339.65,662.70,355.40,663.20 fill=(0.5019454956054688, 0.502021849155426, 0.5019302368164062) color=None
rect 355.40,662.70,355.90,663.20 fill=(0.5019454956054688, 0.502021849155426, 0.5019302368164062) color=None
rect 355.90,662.70,371.90,663.20 fill=(0.5019454956054688, 0.502021849155426, 0.5019302368164062) color=None
rect 371.90,662.70,372.40,663.20 fill=(0.5019454956054688, 0.502021849155426, 0.5019302368164062) color=None
rect 372.40,662.70,388.17,663.20 fill=(0.5019454956054688, 0.502021849155426, 0.5019302368164062) color=None
rect 388.18,662.70,388.68,663.20 fill=(0.5019454956054688, 0.502021849155426, 0.5019302368164062) color=None
rect 388.68,662.70,404.68,663.20 fill=(0.5019454956054688, 0.502021849155426, 0.5019302368164062) color=None
rect 404.68,662.70,405.18,663.20 fill=(0.5019454956054688, 0.502021849155426, 0.5019302368164062) color=None
rect 405.18,662.70,421.18,663.20 fill=(0.5019454956054688, 0.502021849155426, 0.5019302368164062) color=None
rect 421.18,662.70,421.68,663.20 fill=(0.5019454956054688, 0.502021849155426, 0.5019302368164062) color=None
rect 421.68,662.70,437.43,663.20 fill=(0.5019454956054688, 0.502021849155426, 0.5019302368164062) color=None
rect 437.43,662.70,437.93,663.20 fill=(0.5019454956054688, 0.502021849155426, 0.5019302368164062) color=None
rect 437.93,662.70,453.95,663.20 fill=(0.5019454956054688, 0.502021849155426, 0.5019302368164062) color=None
rect 453.95,662.70,454.45,663.20 fill=(0.5019454956054688, 0.502021849155426, 0.5019302368164062) color=None
rect 454.45,662.70,470.45,663.20 fill=(0.5019454956054688, 0.502021849155426, 0.5019302368164062) color=None
rect 470.45,662.70,470.95,663.20 fill=(0.5019454956054688, 0.502021849155426, 0.5019302368164062) color=None
rect 470.95,662.70,486.70,663.20 fill=(0.5019454956054688, 0.502021849155426, 0.5019302368164062) color=None
rect 486.70,662.70,487.20,663.20 fill=(0.5019454956054688, 0.502021849155426, 0.5019302368164062) color=None
rect 487.20,662.70,503.23,663.20 fill=(0.5019454956054688, 0.502021849155426, 0.5019302368164062) color=None
rect 503.23,662.70,503.73,663.20 fill=(0.5019454956054688, 0.502021849155426, 0.5019302368164062) color=None
rect 503.73,662.70,519.73,663.20 fill=(0.5019454956054688, 0.502021849155426, 0.5019302368164062) color=None
rect 519.73,662.70,520.23,663.20 fill=(0.5019454956054688, 0.502021849155426, 0.5019302368164062) color=None
rect 520.23,662.70,535.98,663.20 fill=(0.5019454956054688, 0.502021849155426, 0.5019302368164062) color=None
rect 535.98,662.70,536.48,663.20 fill=(0.5019454956054688, 0.502021849155426, 0.5019302368164062) color=None
rect 536.48,662.70,551.98,663.20 fill=(0.5019454956054688, 0.502021849155426, 0.5019302368164062) color=None
rect 552.98,662.70,553.48,663.20 fill=(0.0, 0.0, 0.0) color=None
rect 551.98,662.70,552.48,663.20 fill=(0.0, 0.0, 0.0) color=None
rect 44.03,663.20,44.53,772.72 fill=(0.0, 0.0, 0.0) color=None
rect 43.03,663.20,43.53,772.72 fill=(0.0, 0.0, 0.0) color=None
rect 43.03,772.72,43.53,774.22 fill=(0.0, 0.0, 0.0) color=None
rect 43.03,773.72,44.53,774.22 fill=(0.0, 0.0, 0.0) color=None
rect 44.03,772.72,44.53,773.22 fill=(0.0, 0.0, 0.0) color=None
rect 44.03,772.72,44.53,773.22 fill=(0.0, 0.0, 0.0) color=None
rect 44.53,773.72,60.03,774.22 fill=(0.0, 0.0, 0.0) color=None
rect 44.53,772.72,60.03,773.22 fill=(0.0, 0.0, 0.0) color=None
rect 60.03,663.20,60.53,772.72 fill=(0.0, 0.0, 0.0) color=None
rect 60.03,772.72,61.53,773.22 fill=(0.0, 0.0, 0.0) color=None
rect 60.03,773.72,61.53,774.22 fill=(0.0, 0.0, 0.0) color=None
rect 61.53,773.72,76.28,774.22 fill=(0.0, 0.0, 0.0) color=None
rect 61.53,772.72,76.28,773.22 fill=(0.0, 0.0, 0.0) color=None
rect 76.28,663.20,76.78,772.72 fill=(0.0, 0.0, 0.0) color=None
rect 76.28,772.72,77.78,773.22 fill=(0.0, 0.0, 0.0) color=None
rect 76.28,773.72,77.78,774.22 fill=(0.0, 0.0, 0.0) color=None
rect 77.78,773.72,92.80,774.22 fill=(0.0, 0.0, 0.0) color=None
rect 77.78,772.72,92.80,773.22 fill=(0.0, 0.0, 0.0) color=None
rect 92.80,663.20,93.30,772.72 fill=(0.0, 0.0, 0.0) color=None
rect 92.80,772.72,94.30,773.22 fill=(0.0, 0.0, 0.0) color=None
rect 92.80,773.72,94.30,774.22 fill=(0.0, 0.0, 0.0) color=None
rect 94.30,773.72,109.05,774.22 fill=(0.0, 0.0, 0.0) color=None
rect 94.30,772.72,109.05,773.22 fill=(0.0, 0.0, 0.0) color=None
rect 109.05,663.20,109.55,772.72 fill=(0.0, 0.0, 0.0) color=None
rect 109.05,772.72,110.55,773.22 fill=(0.0, 0.0, 0.0) color=None
rect 109.05,773.72,110.55,774.22 fill=(0.0, 0.0, 0.0) color=None
rect 110.55,773.72,125.55,774.22 fill=(0.0, 0.0, 0.0) color=None
rect 110.55,772.72,125.55,773.22 fill=(0.0, 0.0, 0.0) color=None
rect 125.55,663.20,126.05,772.72 fill=(0.0, 0.0, 0.0) color=None
rect 125.55,772.72,127.05,773.22 fill=(0.0, 0.0, 0.0) color=None
rect 125.55,773.72,127.05,774.22 fill=(0.0, 0.0, 0.0) color=None
rect 127.05,773.72,142.05,774.22 fill=(0.0, 0.0, 0.0) color=None
rect 127.05,772.72,142.05,773.22 fill=(0.0, 0.0, 0.0) color=None
rect 142.05,663.20,142.55,772.72 fill=(0.0, 0.0, 0.0) color=None
rect 142.05,772.72,143.55,773.22 fill=(0.0, 0.0, 0.0) color=None
rect 142.05,773.72,143.55,774.22 fill=(0.0, 0.0, 0.0) color=None
rect 143.55,773.72,158.32,774.22 fill=(0.0, 0.0, 0.0) color=None
rect 143.55,772.72,158.32,773.22 fill=(0.0, 0.0, 0.0) color=None
rect 158.33,663.20,158.83,772.72 fill=(0.0, 0.0, 0.0) color=None
rect 158.33,772.72,159.83,773.22 fill=(0.0, 0.0, 0.0) color=None
rect 158.33,773.72,159.83,774.22 fill=(0.0, 0.0, 0.0) color=None
rect 159.83,773.72,174.83,774.22 fill=(0.0, 0.0, 0.0) color=None
rect 159.83,772.72,174.83,773.22 fill=(0.0, 0.0, 0.0) color=None
rect 174.83,663.20,175.33,772.72 fill=(0.0, 0.0, 0.0) color=None
rect 174.83,772.72,176.33,773.22 fill=(0.0, 0.0, 0.0) color=None
rect 174.83,773.72,176.33,774.22 fill=(0.0, 0.0, 0.0) color=None
rect 176.33,773.72,191.33,774.22 fill=(0.0, 0.0, 0.0) color=None
rect 176.33,772.72,191.33,773.22 fill=(0.0, 0.0, 0.0) color=None
rect 191.33,663.20,191.83,772.72 fill=(0.0, 0.0, 0.0) color=None
rect 191.33,772.72,192.83,773.22 fill=(0.0, 0.0, 0.0) color=None
rect 191.33,773.72,192.83,774.22 fill=(0.0, 0.0, 0.0) color=None
rect 192.83,773.72,207.60,774.22 fill=(0.0, 0.0, 0.0) color=None
rect 192.83,772.72,207.60,773.22 fill=(0.0, 0.0, 0.0) color=None
rect 207.60,663.20,208.10,772.72 fill=(0.0, 0.0, 0.0) color=None
rect 207.60,772.72,209.10,773.22 fill=(0.0, 0.0, 0.0) color=None
rect 207.60,773.72,209.10,774.22 fill=(0.0, 0.0, 0.0) color=None
rect 209.10,773.72,224.10,774.22 fill=(0.0, 0.0, 0.0) color=None
rect 209.10,772.72,224.10,773.22 fill=(0.0, 0.0, 0.0) color=None
rect 224.10,663.20,224.60,772.72 fill=(0.0, 0.0, 0.0) color=None
rect 224.10,772.72,225.60,773.22 fill=(0.0, 0.0, 0.0) color=None
rect 224.10,773.72,225.60,774.22 fill=(0.0, 0.0, 0.0) color=None
rect 225.60,773.72,240.60,774.22 fill=(0.0, 0.0, 0.0) color=None
rect 225.60,772.72,240.60,773.22 fill=(0.0, 0.0, 0.0) color=None
rect 240.60,663.20,241.10,772.72 fill=(0.0, 0.0, 0.0) color=None
rect 240.60,772.72,242.10,773.22 fill=(0.0, 0.0, 0.0) color=None
rect 240.60,773.72,242.10,774.22 fill=(0.0, 0.0, 0.0) color=None
rect 242.10,773.72,256.85,774.22 fill=(0.0, 0.0, 0.0) color=None
rect 242.10,772.72,256.85,773.22 fill=(0.0, 0.0, 0.0) color=None
rect 256.85,663.20,257.35,772.72 fill=(0.0, 0.0, 0.0) color=None
rect 256.85,772.72,258.35,773.22 fill=(0.0, 0.0, 0.0) color=None
rect 256.85,773.72,258.35,774.22 fill=(0.0, 0.0, 0.0) color=None
rect 258.35,773.72,273.38,774.22 fill=(0.0, 0.0, 0.0) color=None
rect 258.35,772.72,273.38,773.22 fill=(0.0, 0.0, 0.0) color=None
rect 273.38,663.20,273.88,772.72 fill=(0.0, 0.0, 0.0) color=None
rect 273.38,772.72,274.88,773.22 fill=(0.0, 0.0, 0.0) color=None
rect 273.38,773.72,274.88,774.22 fill=(0.0, 0.0, 0.0) color=None
rect 274.88,773.72,289.88,774.22 fill=(0.0, 0.0, 0.0) color=None
rect 274.88,772.72,289.88,773.22 fill=(0.0, 0.0, 0.0) color=None
rect 289.88,663.20,290.38,772.72 fill=(0.0, 0.0, 0.0) color=None
rect 289.88,772.72,291.38,773.22 fill=(0.0, 0.0, 0.0) color=None
rect 289.88,773.72,291.38,774.22 fill=(0.0, 0.0, 0.0) color=None
rect 291.38,773.72,306.13,774.22 fill=(0.0, 0.0, 0.0) color=None
rect 291.38,772.72,306.13,773.22 fill=(0.0, 0.0, 0.0) color=None
rect 306.13,663.20,306.63,772.72 fill=(0.0, 0.0, 0.0) color=None
rect 306.13,772.72,307.63,773.22 fill=(0.0, 0.0, 0.0) color=None
rect 306.13,773.72,307.63,774.22 fill=(0.0, 0.0, 0.0) color=None
rect 307.63,773.72,322.65,774.22 fill=(0.0, 0.0, 0.0) color=None
rect 307.63,772.72,322.65,773.22 fill=(0.0, 0.0, 0.0) color=None
rect 322.65,663.20,323.15,772.72 fill=(0.0, 0.0, 0.0) color=None
rect 322.65,772.72,324.15,773.22 fill=(0.0, 0.0, 0.0) color=None
rect 322.65,773.72,324.15,774.22 fill=(0.0, 0.0, 0.0) color=None
rect 324.15,773.72,339.15,774.22 fill=(0.0, 0.0, 0.0) color=None
rect 324.15,772.72,339.15,773.22 fill=(0.0, 0.0, 0.0) color=None
rect 339.15,663.20,339.65,772.72 fill=(0.0, 0.0, 0.0) color=None
rect 339.15,772.72,340.65,773.22 fill=(0.0, 0.0, 0.0) color=None
rect 339.15,773.72,340.65,774.22 fill=(0.0, 0.0, 0.0) color=None
rect 340.65,773.72,355.40,774.22 fill=(0.0, 0.0, 0.0) color=None
rect 340.65,772.72,355.40,773.22 fill=(0.0, 0.0, 0.0) color=None
rect 355.40,663.20,355.90,772.72 fill=(0.0, 0.0, 0.0) color=None
rect 355.40,772.72,356.90,773.22 fill=(0.0, 0.0, 0.0) color=None
rect 355.40,773.72,356.90,774.22 fill=(0.0, 0.0, 0.0) color=None
rect 356.90,773.72,371.90,774.22 fill=(0.0, 0.0, 0.0) color=None
rect 356.90,772.72,371.90,773.22 fill=(0.0, 0.0, 0.0) color=None
rect 371.90,663.20,372.40,772.72 fill=(0.0, 0.0, 0.0) color=None
rect 371.90,772.72,373.40,773.22 fill=(0.0, 0.0, 0.0) color=None
rect 371.90,773.72,373.40,774.22 fill=(0.0, 0.0, 0.0) color=None
rect 373.40,773.72,388.17,774.22 fill=(0.0, 0.0, 0.0) color=None
rect 373.40,772.72,388.17,773.22 fill=(0.0, 0.0, 0.0) color=None
rect 388.18,663.20,388.68,772.72 fill=(0.0, 0.0, 0.0) color=None
rect 388.18,772.72,389.68,773.22 fill=(0.0, 0.0, 0.0) color=None
rect 388.18,773.72,389.68,774.22 fill=(0.0, 0.0, 0.0) color=None
rect 389.68,773.72,404.68,774.22 fill=(0.0, 0.0, 0.0) color=None
rect 389.68,772.72,404.68,773.22 fill=(0.0, 0.0, 0.0) color=None
rect 404.68,663.20,405.18,772.72 fill=(0.0, 0.0, 0.0) color=None
rect 404.68,772.72,406.18,773.22 fill=(0.0, 0.0, 0.0) color=None
rect 404.68,773.72,406.18,774.22 fill=(0.0, 0.0, 0.0) color=None
rect 406.18,773.72,421.18,774.22 fill=(0.0, 0.0, 0.0) color=None
rect 406.18,772.72,421.18,773.22 fill=(0.0, 0.0, 0.0) color=None
rect 421.18,663.20,421.68,772.72 fill=(0.0, 0.0, 0.0) color=None
rect 421.18,772.72,422.68,773.22 fill=(0.0, 0.0, 0.0) color=None
rect 421.18,773.72,422.68,774.22 fill=(0.0, 0.0, 0.0) color=None
rect 422.68,773.72,437.43,774.22 fill=(0.0, 0.0, 0.0) color=None
rect 422.68,772.72,437.43,773.22 fill=(0.0, 0.0, 0.0) color=None
rect 437.43,663.20,437.93,772.72 fill=(0.0, 0.0, 0.0) color=None
rect 437.43,772.72,438.93,773.22 fill=(0.0, 0.0, 0.0) color=None
rect 437.43,773.72,438.93,774.22 fill=(0.0, 0.0, 0.0) color=None
rect 438.93,773.72,453.95,774.22 fill=(0.0, 0.0, 0.0) color=None
rect 438.93,772.72,453.95,773.22 fill=(0.0, 0.0, 0.0) color=None
rect 453.95,663.20,454.45,772.72 fill=(0.0, 0.0, 0.0) color=None
rect 453.95,772.72,455.45,773.22 fill=(0.0, 0.0, 0.0) color=None
rect 453.95,773.72,455.45,774.22 fill=(0.0, 0.0, 0.0) color=None
rect 455.45,773.72,470.45,774.22 fill=(0.0, 0.0, 0.0) color=None
rect 455.45,772.72,470.45,773.22 fill=(0.0, 0.0, 0.0) color=None
rect 470.45,663.20,470.95,772.72 fill=(0.0, 0.0, 0.0) color=None
rect 470.45,772.72,471.95,773.22 fill=(0.0, 0.0, 0.0) color=None
rect 470.45,773.72,471.95,774.22 fill=(0.0, 0.0, 0.0) color=None
rect 471.95,773.72,486.70,774.22 fill=(0.0, 0.0, 0.0) color=None
rect 471.95,772.72,486.70,773.22 fill=(0.0, 0.0, 0.0) color=None
rect 486.70,663.20,487.20,772.72 fill=(0.0, 0.0, 0.0) color=None
rect 486.70,772.72,488.20,773.22 fill=(0.0, 0.0, 0.0) color=None
rect 486.70,773.72,488.20,774.22 fill=(0.0, 0.0, 0.0) color=None
rect 488.20,773.72,503.23,774.22 fill=(0.0, 0.0, 0.0) color=None
rect 488.20,772.72,503.23,773.22 fill=(0.0, 0.0, 0.0) color=None
rect 503.23,663.20,503.73,772.72 fill=(0.0, 0.0, 0.0) color=None
rect 503.23,772.72,504.73,773.22 fill=(0.0, 0.0, 0.0) color=None
rect 503.23,773.72,504.73,774.22 fill=(0.0, 0.0, 0.0) color=None
rect 504.73,773.72,519.73,774.22 fill=(0.0, 0.0, 0.0) color=None
rect 504.73,772.72,519.73,773.22 fill=(0.0, 0.0, 0.0) color=None
rect 519.73,663.20,520.23,772.72 fill=(0.0, 0.0, 0.0) color=None
rect 519.73,772.72,521.23,773.22 fill=(0.0, 0.0, 0.0) color=None
rect 519.73,773.72,521.23,774.22 fill=(0.0, 0.0, 0.0) color=None
rect 521.23,773.72,535.98,774.22 fill=(0.0, 0.0, 0.0) color=None
rect 521.23,772.72,535.98,773.22 fill=(0.0, 0.0, 0.0) color=None
rect 535.98,663.20,536.48,772.72 fill=(0.0, 0.0, 0.0) color=None
rect 535.98,772.72,537.48,773.22 fill=(0.0, 0.0, 0.0) color=None
rect 535.98,773.72,537.48,774.22 fill=(0.0, 0.0, 0.0) color=None
rect 537.48,773.72,551.98,774.22 fill=(0.0, 0.0, 0.0) color=None
rect 537.48,772.72,551.98,773.22 fill=(0.0, 0.0, 0.0) color=None
rect 552.98,663.20,553.48,772.72 fill=(0.0, 0.0, 0.0) color=None
rect 551.98,663.20,552.48,772.72 fill=(0.0, 0.0, 0.0) color=None
rect 552.98,772.72,553.48,774.22 fill=(0.0, 0.0, 0.0) color=None
rect 551.98,773.72,553.48,774.22 fill=(0.0, 0.0, 0.0) color=None
rect 551.98,772.72,552.48,773.22 fill=(0.0, 0.0, 0.0) color=None
rect 551.98,772.72,552.48,773.22 fill=(0.0, 0.0, 0.0) color=None
rect 355.20,509.65,379.30,553.70 fill=(1.0, 1.0, 0.6000000238418579) color=(0.0, 0.0, 0.0)
rect 371.20,509.85,372.95,517.65 fill=None color=(0.0, 0.0, 0.0)
rect 365.20,517.65,371.20,526.50 fill=None color=(0.0, 0.0, 0.0)
rect 362.60,526.50,365.20,536.85 fill=None color=(0.0, 0.0, 0.0)
rect 356.60,536.85,362.60,545.65 fill=None color=(0.0, 0.0, 0.0)
rect 355.20,545.65,356.60,551.95 fill=None color=(0.0, 0.0, 0.0)
rect 355.20,551.95,361.90,553.70 fill=None color=(0.0, 0.0, 0.0)
rect 361.90,548.55,363.20,553.70 fill=None color=(0.0, 0.0, 0.0)
rect 363.20,537.75,369.35,548.55 fill=None color=(0.0, 0.0, 0.0)
rect 369.35,529.35,371.75,537.75 fill=None color=(0.0, 0.0, 0.0)
rect 371.75,518.85,378.05,529.35 fill=None color=(0.0, 0.0, 0.0)
rect 378.05,512.35,379.30,518.85 fill=None color=(0.0, 0.0, 0.0)
rect 372.80,509.65,379.30,512.35 fill=None color=(0.0, 0.0, 0.0)
rect 329.30,496.50,353.75,540.80 fill=(1.0, 1.0, 0.6000000238418579) color=(0.0, 0.0, 0.0)
rect 345.30,496.75,347.00,504.60 fill=None color=(0.0, 0.0, 0.0)
rect 339.20,504.60,345.30,513.40 fill=None color=(0.0, 0.0, 0.0)
rect 336.75,513.40,339.20,523.75 fill=None color=(0.0, 0.0, 0.0)
rect 330.60,523.75,336.75,532.55 fill=None color=(0.0, 0.0, 0.0)
rect 329.30,532.55,330.60,538.85 fill=None color=(0.0, 0.0, 0.0)
rect 329.30,538.85,336.40,540.80 fill=None color=(0.0, 0.0, 0.0)
rect 336.40,535.60,337.60,540.80 fill=None color=(0.0, 0.0, 0.0)
rect 337.60,524.85,343.85,535.60 fill=None color=(0.0, 0.0, 0.0)
rect 343.85,516.45,346.20,524.85 fill=None color=(0.0, 0.0, 0.0)
rect 346.20,505.95,352.55,516.45 fill=None color=(0.0, 0.0, 0.0)
rect 352.55,499.45,353.75,505.95 fill=None color=(0.0, 0.0, 0.0)
rect 346.80,496.50,353.75,499.45 fill=None color=(0.0, 0.0, 0.0)
rect 345.80,455.45,398.85,513.80 fill=(0.800000011920929, 1.0, 1.0) color=None
rect 345.80,455.45,398.85,513.80 fill=None color=(0.0, 0.0, 0.0)
rect 345.80,455.45,398.85,513.80 fill=None color=(0.0, 0.0, 0.0)
rect 356.55,476.40,383.45,503.30 fill=(1.0, 0.800000011920929, 0.20000000298023224) color=(0.0, 0.0, 0.0)
rect 346.05,480.50,387.50,513.60 fill=(0.0, 0.0, 0.0) color=None
rect 346.05,480.50,387.50,513.60 fill=None color=(0.0, 0.0, 0.0)
rect 363.95,466.35,365.45,476.50 fill=(1.0, 1.0, 0.20000000298023224) color=(0.0, 0.0, 0.0)
rect 363.95,466.35,365.45,476.50 fill=None color=(0.0, 0.0, 0.0)
rect 358.35,472.85,359.80,479.30 fill=(1.0, 1.0, 0.20000000298023224) color=(0.0, 0.0, 0.0)
rect 358.35,472.85,359.80,479.30 fill=None color=(0.0, 0.0, 0.0)
rect 384.20,487.30,390.25,489.40 fill=(1.0, 1.0, 0.20000000298023224) color=(0.0, 0.0, 0.0)
rect 384.20,487.30,390.25,489.40 fill=None color=(0.0, 0.0, 0.0)
rect 383.90,479.10,391.90,483.35 fill=(1.0, 1.0, 0.20000000298023224) color=(0.0, 0.0, 0.0)
rect 383.90,479.10,391.90,483.35 fill=None color=(0.0, 0.0, 0.0)
rect 381.15,472.35,389.55,479.00 fill=(1.0, 1.0, 0.20000000298023224) color=(0.0, 0.0, 0.0)
rect 381.15,472.35,389.55,479.00 fill=None color=(0.0, 0.0, 0.0)
rect 370.30,463.45,370.95,474.15 fill=(1.0, 1.0, 0.20000000298023224) color=(0.0, 0.0, 0.0)
rect 370.30,463.45,370.95,474.15 fill=None color=(0.0, 0.0, 0.0)
rect 376.55,466.40,380.50,475.35 fill=(1.0, 1.0, 0.20000000298023224) color=(0.0, 0.0, 0.0)
rect 376.55,466.40,380.50,475.35 fill=None color=(0.0, 0.0, 0.0)
rect 397.55,505.35,399.30,531.25 fill=(0.8820000290870667, 0.8820000290870667, 0.4819999933242798) color=(0.0, 0.0, 0.0)
rect 397.55,505.35,399.30,531.25 fill=None color=(0.0, 0.0, 0.0)
rect 392.20,507.15,393.90,524.35 fill=(0.8820000290870667, 0.8820000290870667, 0.4819999933242798) color=(0.0, 0.0, 0.0)
rect 392.20,507.15,393.90,524.35 fill=None color=(0.0, 0.0, 0.0)
rect 402.90,507.15,404.65,524.35 fill=(0.8820000290870667, 0.8820000290870667, 0.4819999933242798) color=(0.0, 0.0, 0.0)
rect 402.90,507.15,404.65,524.35 fill=None color=(0.0, 0.0, 0.0)
rect 392.20,510.20,404.65,521.35 fill=(0.8820000290870667, 0.8820000290870667, 0.4819999933242798) color=(0.0, 0.0, 0.0)
rect 392.20,510.20,404.65,521.35 fill=None color=(0.0, 0.0, 0.0)
rect 392.30,511.65,404.35,512.30 fill=None color=(0.0, 0.0, 0.0)
rect 392.30,513.95,404.35,514.60 fill=None color=(0.0, 0.0, 0.0)
rect 392.30,516.15,404.35,516.80 fill=None color=(0.0, 0.0, 0.0)
rect 392.30,518.10,404.35,518.75 fill=None color=(0.0, 0.0, 0.0)
rect 392.30,512.20,404.35,512.90 fill=None color=(0.0, 0.0, 0.0)
rect 392.30,514.85,404.35,515.55 fill=None color=(0.0, 0.0, 0.0)
rect 392.30,516.85,404.35,517.50 fill=None color=(0.0, 0.0, 0.0)
rect 392.30,518.15,404.35,518.85 fill=None color=(0.0, 0.0, 0.0)
rect 364.20,455.45,365.95,492.30 fill=None color=(0.0, 0.0, 0.0)
rect 365.95,492.30,386.30,518.05 fill=None color=(0.0, 0.0, 0.0)
rect 346.05,498.60,357.55,509.70 fill=None color=(0.0, 0.0, 0.0)
rect 357.55,509.70,386.30,518.05 fill=None color=(0.0, 0.0, 0.0)
rect 388.55,470.55,398.85,496.70 fill=None color=(0.0, 0.0, 0.0)
rect 386.15,496.70,388.55,518.05 fill=None color=(0.0, 0.0, 0.0)
rect 379.45,513.80,386.25,518.00 fill=(1.0, 1.0, 0.6000000238418579) color=(0.0, 0.0, 0.0)
rect 379.45,513.80,386.25,518.00 fill=None color=(0.0, 0.0, 0.0)
rect 383.95,518.00,386.25,525.50 fill=None color=(0.0, 0.0, 0.0)
rect 384.80,518.85,392.30,526.65 fill=None color=(0.0, 0.0, 0.0)
rect 392.30,511.45,404.50,518.85 fill=None color=(0.0, 0.0, 0.0)
rect 392.30,511.65,404.35,518.75 fill=(1.0, 1.0, 0.6000000238418579) color=(0.0, 0.0, 0.0)
rect 392.30,511.65,404.35,518.75 fill=None color=(0.0, 0.0, 0.0)
rect 98.65,504.20,164.90,552.35 fill=None color=(0.0, 0.0, 0.0)
rect 105.05,521.30,105.10,521.65 fill=None color=(0.0, 1.0, 1.0)
rect 103.60,521.65,131.70,548.25 fill=None color=(0.0, 0.0, 0.0)
rect 110.10,517.55,138.20,544.05 fill=None color=(0.0, 0.0, 0.0)
rect 124.35,509.85,150.85,534.95 fill=None color=(0.0, 0.0, 0.0)
rect 130.50,506.35,158.25,530.40 fill=None color=(0.0, 0.0, 0.0)
rect 102.80,529.25,103.95,529.30 fill=None color=(0.0, 1.0, 1.0)
rect 124.15,522.00,160.05,549.35 fill=None color=(0.0, 0.0, 0.0)
rect 118.25,517.15,153.55,544.00 fill=None color=(0.0, 0.0, 0.0)
rect 113.20,513.10,147.45,539.10 fill=None color=(0.0, 0.0, 0.0)
rect 107.30,508.55,140.60,533.75 fill=None color=(0.0, 0.0, 0.0)
rect 103.05,504.85,135.15,529.25 fill=None color=(0.0, 0.0, 0.0)
rect 116.90,514.20,143.90,539.85 fill=None color=(0.0, 0.0, 0.0)
rect 107.25,476.30,121.30,493.05 fill=(1.0, 1.0, 1.0) color=None
rect 110.25,488.10,120.20,490.25 fill=None color=(0.0, 0.0, 0.0)
rect 110.25,481.60,111.45,488.10 fill=None color=(0.0, 0.0, 0.0)
rect 111.30,478.10,111.60,481.60 fill=None color=(0.0, 0.0, 0.0)
rect 107.95,476.30,111.30,478.10 fill=None color=(0.0, 0.0, 0.0)
rect 107.25,477.25,109.60,480.90 fill=None color=(0.0, 0.0, 0.0)
rect 107.70,480.90,109.60,491.35 fill=None color=(0.0, 0.0, 0.0)
rect 108.15,491.35,121.30,493.05 fill=None color=(0.0, 0.0, 0.0)
rect 110.65,511.30,150.85,532.15 fill=(1.0, 1.0, 1.0) color=None
rect 110.65,511.30,150.85,532.15 fill=None color=(0.0, 0.0, 0.0)
rect 110.65,523.20,127.95,538.30 fill=(1.0, 1.0, 1.0) color=None
rect 110.65,523.20,127.95,538.30 fill=None color=(0.0, 0.0, 0.0)
rect 127.95,520.20,150.85,538.30 fill=(1.0, 1.0, 1.0) color=None
rect 127.95,520.20,150.85,538.30 fill=None color=(0.0, 0.0, 0.0)
rect 117.05,469.20,146.05,524.85 fill=(1.0, 1.0, 1.0) color=None
rect 123.00,514.60,126.75,524.10 fill=None color=(0.0, 0.0, 0.0)
rect 117.05,485.85,126.65,514.60 fill=None color=(0.0, 0.0, 0.0)
rect 117.45,469.20,133.30,485.85 fill=None color=(0.0, 0.0, 0.0)
rect 133.30,469.50,146.05,492.50 fill=None color=(0.0, 0.0, 0.0)
rect 136.60,492.50,144.60,511.05 fill=None color=(0.0, 0.0, 0.0)
rect 135.35,511.05,138.40,524.85 fill=None color=(0.0, 0.0, 0.0)
rect 126.65,487.50,132.20,492.95 fill=None color=(0.0, 0.0, 0.0)
rect 132.20,488.20,136.90,492.95 fill=None color=(0.0, 0.0, 0.0)
rect 141.80,476.45,155.80,493.25 fill=(1.0, 1.0, 1.0) color=None
rect 142.90,488.35,152.85,490.45 fill=None color=(0.0, 0.0, 0.0)
rect 151.75,481.80,152.85,488.35 fill=None color=(0.0, 0.0, 0.0)
rect 151.50,478.30,151.85,481.80 fill=None color=(0.0, 0.0, 0.0)
rect 151.85,476.45,155.30,478.30 fill=None color=(0.0, 0.0, 0.0)
rect 153.55,477.50,155.80,481.10 fill=None color=(0.0, 0.0, 0.0)
rect 153.55,481.10,155.30,491.50 fill=None color=(0.0, 0.0, 0.0)
rect 141.80,491.50,154.90,493.25 fill=None color=(0.0, 0.0, 0.0)
rect 127.00,477.65,128.35,481.75 fill=(0.0, 0.0, 0.0) color=None
rect 127.00,477.65,128.35,481.75 fill=None color=(0.0, 0.0, 0.0)
rect 134.85,478.25,136.20,482.35 fill=(0.0, 0.0, 0.0) color=None
rect 134.85,478.25,136.20,482.35 fill=None color=(0.0, 0.0, 0.0)
rect 156.60,471.15,157.80,471.35 fill=None color=(0.0, 0.0, 0.0)
rect 157.80,471.15,162.00,476.30 fill=None color=(0.0, 0.0, 0.0)
rect 154.90,473.05,156.25,473.25 fill=None color=(0.0, 0.0, 0.0)
rect 156.25,473.05,160.50,478.20 fill=None color=(0.0, 0.0, 0.0)
rect 106.10,471.90,107.30,472.05 fill=None color=(0.0, 0.0, 0.0)
rect 102.00,471.90,106.10,477.05 fill=None color=(0.0, 0.0, 0.0)
rect 104.55,470.00,105.85,470.25 fill=None color=(0.0, 0.0, 0.0)
rect 100.30,470.00,104.55,475.15 fill=None color=(0.0, 0.0, 0.0)
